Names:
nstat[u,'e',t] nstat[u,'e',t+1] nstat[u,'cr',t+1] stop[v,'cr',NORTH,t] cont[v,'cr',NORTH,t] stop[v,'cr',SOUTH,t] cont[v,'cr',SOUTH,t] stop[v,'cr',EAST,t] cont[v,'cr',EAST,t] stop[v,'cr',WEST,t] cont[v,'cr',WEST,t] 

Vertices:
0 0 0 0 0 0 0 0 0 0 0
0 1 0 0 0 0 0 0 0 0 0
1 1 0 0 0 0 0 0 0 0 0
0 0 1 0 0 0 0 0 0 0 0
0 1 1 0 0 0 0 0 0 0 0
0 0 0 1 0 0 0 0 0 0 0
0 1 0 1 0 0 0 0 0 0 0
0 0 1 1 0 0 0 0 0 0 0
1 0 1 1 0 0 0 0 0 0 0
0 1 1 1 0 0 0 0 0 0 0
0 0 0 0 1 0 0 0 0 0 0
0 1 0 0 1 0 0 0 0 0 0
0 0 1 0 1 0 0 0 0 0 0
1 0 1 0 1 0 0 0 0 0 0
0 1 1 0 1 0 0 0 0 0 0
0 0 0 1 1 0 0 0 0 0 0
0 1 0 1 1 0 0 0 0 0 0
0 0 1 1 1 0 0 0 0 0 0
1 0 1 1 1 0 0 0 0 0 0
0 1 1 1 1 0 0 0 0 0 0
0 0 0 0 0 1 0 0 0 0 0
0 1 0 0 0 1 0 0 0 0 0
0 0 1 0 0 1 0 0 0 0 0
1 0 1 0 0 1 0 0 0 0 0
0 1 1 0 0 1 0 0 0 0 0
0 0 0 1 0 1 0 0 0 0 0
0 1 0 1 0 1 0 0 0 0 0
0 0 1 1 0 1 0 0 0 0 0
1 0 1 1 0 1 0 0 0 0 0
0 1 1 1 0 1 0 0 0 0 0
0 0 0 0 1 1 0 0 0 0 0
0 1 0 0 1 1 0 0 0 0 0
0 0 1 0 1 1 0 0 0 0 0
1 0 1 0 1 1 0 0 0 0 0
0 1 1 0 1 1 0 0 0 0 0
0 0 0 1 1 1 0 0 0 0 0
0 1 0 1 1 1 0 0 0 0 0
0 0 1 1 1 1 0 0 0 0 0
1 0 1 1 1 1 0 0 0 0 0
0 1 1 1 1 1 0 0 0 0 0
0 0 0 0 0 0 1 0 0 0 0
0 1 0 0 0 0 1 0 0 0 0
0 0 1 0 0 0 1 0 0 0 0
1 0 1 0 0 0 1 0 0 0 0
0 1 1 0 0 0 1 0 0 0 0
0 0 0 1 0 0 1 0 0 0 0
0 1 0 1 0 0 1 0 0 0 0
0 0 1 1 0 0 1 0 0 0 0
1 0 1 1 0 0 1 0 0 0 0
0 1 1 1 0 0 1 0 0 0 0
0 0 0 0 1 0 1 0 0 0 0
0 1 0 0 1 0 1 0 0 0 0
0 0 1 0 1 0 1 0 0 0 0
1 0 1 0 1 0 1 0 0 0 0
0 1 1 0 1 0 1 0 0 0 0
0 0 0 1 1 0 1 0 0 0 0
0 1 0 1 1 0 1 0 0 0 0
0 0 1 1 1 0 1 0 0 0 0
1 0 1 1 1 0 1 0 0 0 0
0 1 1 1 1 0 1 0 0 0 0
0 0 0 0 0 1 1 0 0 0 0
0 1 0 0 0 1 1 0 0 0 0
0 0 1 0 0 1 1 0 0 0 0
1 0 1 0 0 1 1 0 0 0 0
0 1 1 0 0 1 1 0 0 0 0
0 0 0 1 0 1 1 0 0 0 0
0 1 0 1 0 1 1 0 0 0 0
0 0 1 1 0 1 1 0 0 0 0
1 0 1 1 0 1 1 0 0 0 0
0 1 1 1 0 1 1 0 0 0 0
0 0 0 0 1 1 1 0 0 0 0
0 1 0 0 1 1 1 0 0 0 0
0 0 1 0 1 1 1 0 0 0 0
1 0 1 0 1 1 1 0 0 0 0
0 1 1 0 1 1 1 0 0 0 0
0 0 0 1 1 1 1 0 0 0 0
0 1 0 1 1 1 1 0 0 0 0
0 0 1 1 1 1 1 0 0 0 0
1 0 1 1 1 1 1 0 0 0 0
0 1 1 1 1 1 1 0 0 0 0
0 0 0 0 0 0 0 1 0 0 0
0 1 0 0 0 0 0 1 0 0 0
0 0 1 0 0 0 0 1 0 0 0
1 0 1 0 0 0 0 1 0 0 0
0 1 1 0 0 0 0 1 0 0 0
0 0 0 1 0 0 0 1 0 0 0
0 1 0 1 0 0 0 1 0 0 0
0 0 1 1 0 0 0 1 0 0 0
1 0 1 1 0 0 0 1 0 0 0
0 1 1 1 0 0 0 1 0 0 0
0 0 0 0 1 0 0 1 0 0 0
0 1 0 0 1 0 0 1 0 0 0
0 0 1 0 1 0 0 1 0 0 0
1 0 1 0 1 0 0 1 0 0 0
0 1 1 0 1 0 0 1 0 0 0
0 0 0 1 1 0 0 1 0 0 0
0 1 0 1 1 0 0 1 0 0 0
0 0 1 1 1 0 0 1 0 0 0
1 0 1 1 1 0 0 1 0 0 0
0 1 1 1 1 0 0 1 0 0 0
0 0 0 0 0 1 0 1 0 0 0
0 1 0 0 0 1 0 1 0 0 0
0 0 1 0 0 1 0 1 0 0 0
1 0 1 0 0 1 0 1 0 0 0
0 1 1 0 0 1 0 1 0 0 0
0 0 0 1 0 1 0 1 0 0 0
0 1 0 1 0 1 0 1 0 0 0
0 0 1 1 0 1 0 1 0 0 0
1 0 1 1 0 1 0 1 0 0 0
0 1 1 1 0 1 0 1 0 0 0
0 0 0 0 1 1 0 1 0 0 0
0 1 0 0 1 1 0 1 0 0 0
0 0 1 0 1 1 0 1 0 0 0
1 0 1 0 1 1 0 1 0 0 0
0 1 1 0 1 1 0 1 0 0 0
0 0 0 1 1 1 0 1 0 0 0
0 1 0 1 1 1 0 1 0 0 0
0 0 1 1 1 1 0 1 0 0 0
1 0 1 1 1 1 0 1 0 0 0
0 1 1 1 1 1 0 1 0 0 0
0 0 0 0 0 0 1 1 0 0 0
0 1 0 0 0 0 1 1 0 0 0
0 0 1 0 0 0 1 1 0 0 0
1 0 1 0 0 0 1 1 0 0 0
0 1 1 0 0 0 1 1 0 0 0
0 0 0 1 0 0 1 1 0 0 0
0 1 0 1 0 0 1 1 0 0 0
0 0 1 1 0 0 1 1 0 0 0
1 0 1 1 0 0 1 1 0 0 0
0 1 1 1 0 0 1 1 0 0 0
0 0 0 0 1 0 1 1 0 0 0
0 1 0 0 1 0 1 1 0 0 0
0 0 1 0 1 0 1 1 0 0 0
1 0 1 0 1 0 1 1 0 0 0
0 1 1 0 1 0 1 1 0 0 0
0 0 0 1 1 0 1 1 0 0 0
0 1 0 1 1 0 1 1 0 0 0
0 0 1 1 1 0 1 1 0 0 0
1 0 1 1 1 0 1 1 0 0 0
0 1 1 1 1 0 1 1 0 0 0
0 0 0 0 0 1 1 1 0 0 0
0 1 0 0 0 1 1 1 0 0 0
0 0 1 0 0 1 1 1 0 0 0
1 0 1 0 0 1 1 1 0 0 0
0 1 1 0 0 1 1 1 0 0 0
0 0 0 1 0 1 1 1 0 0 0
0 1 0 1 0 1 1 1 0 0 0
0 0 1 1 0 1 1 1 0 0 0
1 0 1 1 0 1 1 1 0 0 0
0 1 1 1 0 1 1 1 0 0 0
0 0 0 0 1 1 1 1 0 0 0
0 1 0 0 1 1 1 1 0 0 0
0 0 1 0 1 1 1 1 0 0 0
1 0 1 0 1 1 1 1 0 0 0
0 1 1 0 1 1 1 1 0 0 0
0 0 0 1 1 1 1 1 0 0 0
0 1 0 1 1 1 1 1 0 0 0
0 0 1 1 1 1 1 1 0 0 0
1 0 1 1 1 1 1 1 0 0 0
0 1 1 1 1 1 1 1 0 0 0
0 0 0 0 0 0 0 0 1 0 0
0 1 0 0 0 0 0 0 1 0 0
0 0 1 0 0 0 0 0 1 0 0
1 0 1 0 0 0 0 0 1 0 0
0 1 1 0 0 0 0 0 1 0 0
0 0 0 1 0 0 0 0 1 0 0
0 1 0 1 0 0 0 0 1 0 0
0 0 1 1 0 0 0 0 1 0 0
1 0 1 1 0 0 0 0 1 0 0
0 1 1 1 0 0 0 0 1 0 0
0 0 0 0 1 0 0 0 1 0 0
0 1 0 0 1 0 0 0 1 0 0
0 0 1 0 1 0 0 0 1 0 0
1 0 1 0 1 0 0 0 1 0 0
0 1 1 0 1 0 0 0 1 0 0
0 0 0 1 1 0 0 0 1 0 0
0 1 0 1 1 0 0 0 1 0 0
0 0 1 1 1 0 0 0 1 0 0
1 0 1 1 1 0 0 0 1 0 0
0 1 1 1 1 0 0 0 1 0 0
0 0 0 0 0 1 0 0 1 0 0
0 1 0 0 0 1 0 0 1 0 0
0 0 1 0 0 1 0 0 1 0 0
1 0 1 0 0 1 0 0 1 0 0
0 1 1 0 0 1 0 0 1 0 0
0 0 0 1 0 1 0 0 1 0 0
0 1 0 1 0 1 0 0 1 0 0
0 0 1 1 0 1 0 0 1 0 0
1 0 1 1 0 1 0 0 1 0 0
0 1 1 1 0 1 0 0 1 0 0
0 0 0 0 1 1 0 0 1 0 0
0 1 0 0 1 1 0 0 1 0 0
0 0 1 0 1 1 0 0 1 0 0
1 0 1 0 1 1 0 0 1 0 0
0 1 1 0 1 1 0 0 1 0 0
0 0 0 1 1 1 0 0 1 0 0
0 1 0 1 1 1 0 0 1 0 0
0 0 1 1 1 1 0 0 1 0 0
1 0 1 1 1 1 0 0 1 0 0
0 1 1 1 1 1 0 0 1 0 0
0 0 0 0 0 0 1 0 1 0 0
0 1 0 0 0 0 1 0 1 0 0
0 0 1 0 0 0 1 0 1 0 0
1 0 1 0 0 0 1 0 1 0 0
0 1 1 0 0 0 1 0 1 0 0
0 0 0 1 0 0 1 0 1 0 0
0 1 0 1 0 0 1 0 1 0 0
0 0 1 1 0 0 1 0 1 0 0
1 0 1 1 0 0 1 0 1 0 0
0 1 1 1 0 0 1 0 1 0 0
0 0 0 0 1 0 1 0 1 0 0
0 1 0 0 1 0 1 0 1 0 0
0 0 1 0 1 0 1 0 1 0 0
1 0 1 0 1 0 1 0 1 0 0
0 1 1 0 1 0 1 0 1 0 0
0 0 0 1 1 0 1 0 1 0 0
0 1 0 1 1 0 1 0 1 0 0
0 0 1 1 1 0 1 0 1 0 0
1 0 1 1 1 0 1 0 1 0 0
0 1 1 1 1 0 1 0 1 0 0
0 0 0 0 0 1 1 0 1 0 0
0 1 0 0 0 1 1 0 1 0 0
0 0 1 0 0 1 1 0 1 0 0
1 0 1 0 0 1 1 0 1 0 0
0 1 1 0 0 1 1 0 1 0 0
0 0 0 1 0 1 1 0 1 0 0
0 1 0 1 0 1 1 0 1 0 0
0 0 1 1 0 1 1 0 1 0 0
1 0 1 1 0 1 1 0 1 0 0
0 1 1 1 0 1 1 0 1 0 0
0 0 0 0 1 1 1 0 1 0 0
0 1 0 0 1 1 1 0 1 0 0
0 0 1 0 1 1 1 0 1 0 0
1 0 1 0 1 1 1 0 1 0 0
0 1 1 0 1 1 1 0 1 0 0
0 0 0 1 1 1 1 0 1 0 0
0 1 0 1 1 1 1 0 1 0 0
0 0 1 1 1 1 1 0 1 0 0
1 0 1 1 1 1 1 0 1 0 0
0 1 1 1 1 1 1 0 1 0 0
0 0 0 0 0 0 0 1 1 0 0
0 1 0 0 0 0 0 1 1 0 0
0 0 1 0 0 0 0 1 1 0 0
1 0 1 0 0 0 0 1 1 0 0
0 1 1 0 0 0 0 1 1 0 0
0 0 0 1 0 0 0 1 1 0 0
0 1 0 1 0 0 0 1 1 0 0
0 0 1 1 0 0 0 1 1 0 0
1 0 1 1 0 0 0 1 1 0 0
0 1 1 1 0 0 0 1 1 0 0
0 0 0 0 1 0 0 1 1 0 0
0 1 0 0 1 0 0 1 1 0 0
0 0 1 0 1 0 0 1 1 0 0
1 0 1 0 1 0 0 1 1 0 0
0 1 1 0 1 0 0 1 1 0 0
0 0 0 1 1 0 0 1 1 0 0
0 1 0 1 1 0 0 1 1 0 0
0 0 1 1 1 0 0 1 1 0 0
1 0 1 1 1 0 0 1 1 0 0
0 1 1 1 1 0 0 1 1 0 0
0 0 0 0 0 1 0 1 1 0 0
0 1 0 0 0 1 0 1 1 0 0
0 0 1 0 0 1 0 1 1 0 0
1 0 1 0 0 1 0 1 1 0 0
0 1 1 0 0 1 0 1 1 0 0
0 0 0 1 0 1 0 1 1 0 0
0 1 0 1 0 1 0 1 1 0 0
0 0 1 1 0 1 0 1 1 0 0
1 0 1 1 0 1 0 1 1 0 0
0 1 1 1 0 1 0 1 1 0 0
0 0 0 0 1 1 0 1 1 0 0
0 1 0 0 1 1 0 1 1 0 0
0 0 1 0 1 1 0 1 1 0 0
1 0 1 0 1 1 0 1 1 0 0
0 1 1 0 1 1 0 1 1 0 0
0 0 0 1 1 1 0 1 1 0 0
0 1 0 1 1 1 0 1 1 0 0
0 0 1 1 1 1 0 1 1 0 0
1 0 1 1 1 1 0 1 1 0 0
0 1 1 1 1 1 0 1 1 0 0
0 0 0 0 0 0 1 1 1 0 0
0 1 0 0 0 0 1 1 1 0 0
0 0 1 0 0 0 1 1 1 0 0
1 0 1 0 0 0 1 1 1 0 0
0 1 1 0 0 0 1 1 1 0 0
0 0 0 1 0 0 1 1 1 0 0
0 1 0 1 0 0 1 1 1 0 0
0 0 1 1 0 0 1 1 1 0 0
1 0 1 1 0 0 1 1 1 0 0
0 1 1 1 0 0 1 1 1 0 0
0 0 0 0 1 0 1 1 1 0 0
0 1 0 0 1 0 1 1 1 0 0
0 0 1 0 1 0 1 1 1 0 0
1 0 1 0 1 0 1 1 1 0 0
0 1 1 0 1 0 1 1 1 0 0
0 0 0 1 1 0 1 1 1 0 0
0 1 0 1 1 0 1 1 1 0 0
0 0 1 1 1 0 1 1 1 0 0
1 0 1 1 1 0 1 1 1 0 0
0 1 1 1 1 0 1 1 1 0 0
0 0 0 0 0 1 1 1 1 0 0
0 1 0 0 0 1 1 1 1 0 0
0 0 1 0 0 1 1 1 1 0 0
1 0 1 0 0 1 1 1 1 0 0
0 1 1 0 0 1 1 1 1 0 0
0 0 0 1 0 1 1 1 1 0 0
0 1 0 1 0 1 1 1 1 0 0
0 0 1 1 0 1 1 1 1 0 0
1 0 1 1 0 1 1 1 1 0 0
0 1 1 1 0 1 1 1 1 0 0
0 0 0 0 1 1 1 1 1 0 0
0 1 0 0 1 1 1 1 1 0 0
0 0 1 0 1 1 1 1 1 0 0
1 0 1 0 1 1 1 1 1 0 0
0 1 1 0 1 1 1 1 1 0 0
0 0 0 1 1 1 1 1 1 0 0
0 1 0 1 1 1 1 1 1 0 0
0 0 1 1 1 1 1 1 1 0 0
1 0 1 1 1 1 1 1 1 0 0
0 1 1 1 1 1 1 1 1 0 0
0 0 0 0 0 0 0 0 0 1 0
0 1 0 0 0 0 0 0 0 1 0
0 0 1 0 0 0 0 0 0 1 0
1 0 1 0 0 0 0 0 0 1 0
0 1 1 0 0 0 0 0 0 1 0
0 0 0 1 0 0 0 0 0 1 0
0 1 0 1 0 0 0 0 0 1 0
0 0 1 1 0 0 0 0 0 1 0
1 0 1 1 0 0 0 0 0 1 0
0 1 1 1 0 0 0 0 0 1 0
0 0 0 0 1 0 0 0 0 1 0
0 1 0 0 1 0 0 0 0 1 0
0 0 1 0 1 0 0 0 0 1 0
1 0 1 0 1 0 0 0 0 1 0
0 1 1 0 1 0 0 0 0 1 0
0 0 0 1 1 0 0 0 0 1 0
0 1 0 1 1 0 0 0 0 1 0
0 0 1 1 1 0 0 0 0 1 0
1 0 1 1 1 0 0 0 0 1 0
0 1 1 1 1 0 0 0 0 1 0
0 0 0 0 0 1 0 0 0 1 0
0 1 0 0 0 1 0 0 0 1 0
0 0 1 0 0 1 0 0 0 1 0
1 0 1 0 0 1 0 0 0 1 0
0 1 1 0 0 1 0 0 0 1 0
0 0 0 1 0 1 0 0 0 1 0
0 1 0 1 0 1 0 0 0 1 0
0 0 1 1 0 1 0 0 0 1 0
1 0 1 1 0 1 0 0 0 1 0
0 1 1 1 0 1 0 0 0 1 0
0 0 0 0 1 1 0 0 0 1 0
0 1 0 0 1 1 0 0 0 1 0
0 0 1 0 1 1 0 0 0 1 0
1 0 1 0 1 1 0 0 0 1 0
0 1 1 0 1 1 0 0 0 1 0
0 0 0 1 1 1 0 0 0 1 0
0 1 0 1 1 1 0 0 0 1 0
0 0 1 1 1 1 0 0 0 1 0
1 0 1 1 1 1 0 0 0 1 0
0 1 1 1 1 1 0 0 0 1 0
0 0 0 0 0 0 1 0 0 1 0
0 1 0 0 0 0 1 0 0 1 0
0 0 1 0 0 0 1 0 0 1 0
1 0 1 0 0 0 1 0 0 1 0
0 1 1 0 0 0 1 0 0 1 0
0 0 0 1 0 0 1 0 0 1 0
0 1 0 1 0 0 1 0 0 1 0
0 0 1 1 0 0 1 0 0 1 0
1 0 1 1 0 0 1 0 0 1 0
0 1 1 1 0 0 1 0 0 1 0
0 0 0 0 1 0 1 0 0 1 0
0 1 0 0 1 0 1 0 0 1 0
0 0 1 0 1 0 1 0 0 1 0
1 0 1 0 1 0 1 0 0 1 0
0 1 1 0 1 0 1 0 0 1 0
0 0 0 1 1 0 1 0 0 1 0
0 1 0 1 1 0 1 0 0 1 0
0 0 1 1 1 0 1 0 0 1 0
1 0 1 1 1 0 1 0 0 1 0
0 1 1 1 1 0 1 0 0 1 0
0 0 0 0 0 1 1 0 0 1 0
0 1 0 0 0 1 1 0 0 1 0
0 0 1 0 0 1 1 0 0 1 0
1 0 1 0 0 1 1 0 0 1 0
0 1 1 0 0 1 1 0 0 1 0
0 0 0 1 0 1 1 0 0 1 0
0 1 0 1 0 1 1 0 0 1 0
0 0 1 1 0 1 1 0 0 1 0
1 0 1 1 0 1 1 0 0 1 0
0 1 1 1 0 1 1 0 0 1 0
0 0 0 0 1 1 1 0 0 1 0
0 1 0 0 1 1 1 0 0 1 0
0 0 1 0 1 1 1 0 0 1 0
1 0 1 0 1 1 1 0 0 1 0
0 1 1 0 1 1 1 0 0 1 0
0 0 0 1 1 1 1 0 0 1 0
0 1 0 1 1 1 1 0 0 1 0
0 0 1 1 1 1 1 0 0 1 0
1 0 1 1 1 1 1 0 0 1 0
0 1 1 1 1 1 1 0 0 1 0
0 0 0 0 0 0 0 1 0 1 0
0 1 0 0 0 0 0 1 0 1 0
0 0 1 0 0 0 0 1 0 1 0
1 0 1 0 0 0 0 1 0 1 0
0 1 1 0 0 0 0 1 0 1 0
0 0 0 1 0 0 0 1 0 1 0
0 1 0 1 0 0 0 1 0 1 0
0 0 1 1 0 0 0 1 0 1 0
1 0 1 1 0 0 0 1 0 1 0
0 1 1 1 0 0 0 1 0 1 0
0 0 0 0 1 0 0 1 0 1 0
0 1 0 0 1 0 0 1 0 1 0
0 0 1 0 1 0 0 1 0 1 0
1 0 1 0 1 0 0 1 0 1 0
0 1 1 0 1 0 0 1 0 1 0
0 0 0 1 1 0 0 1 0 1 0
0 1 0 1 1 0 0 1 0 1 0
0 0 1 1 1 0 0 1 0 1 0
1 0 1 1 1 0 0 1 0 1 0
0 1 1 1 1 0 0 1 0 1 0
0 0 0 0 0 1 0 1 0 1 0
0 1 0 0 0 1 0 1 0 1 0
0 0 1 0 0 1 0 1 0 1 0
1 0 1 0 0 1 0 1 0 1 0
0 1 1 0 0 1 0 1 0 1 0
0 0 0 1 0 1 0 1 0 1 0
0 1 0 1 0 1 0 1 0 1 0
0 0 1 1 0 1 0 1 0 1 0
1 0 1 1 0 1 0 1 0 1 0
0 1 1 1 0 1 0 1 0 1 0
0 0 0 0 1 1 0 1 0 1 0
0 1 0 0 1 1 0 1 0 1 0
0 0 1 0 1 1 0 1 0 1 0
1 0 1 0 1 1 0 1 0 1 0
0 1 1 0 1 1 0 1 0 1 0
0 0 0 1 1 1 0 1 0 1 0
0 1 0 1 1 1 0 1 0 1 0
0 0 1 1 1 1 0 1 0 1 0
1 0 1 1 1 1 0 1 0 1 0
0 1 1 1 1 1 0 1 0 1 0
0 0 0 0 0 0 1 1 0 1 0
0 1 0 0 0 0 1 1 0 1 0
0 0 1 0 0 0 1 1 0 1 0
1 0 1 0 0 0 1 1 0 1 0
0 1 1 0 0 0 1 1 0 1 0
0 0 0 1 0 0 1 1 0 1 0
0 1 0 1 0 0 1 1 0 1 0
0 0 1 1 0 0 1 1 0 1 0
1 0 1 1 0 0 1 1 0 1 0
0 1 1 1 0 0 1 1 0 1 0
0 0 0 0 1 0 1 1 0 1 0
0 1 0 0 1 0 1 1 0 1 0
0 0 1 0 1 0 1 1 0 1 0
1 0 1 0 1 0 1 1 0 1 0
0 1 1 0 1 0 1 1 0 1 0
0 0 0 1 1 0 1 1 0 1 0
0 1 0 1 1 0 1 1 0 1 0
0 0 1 1 1 0 1 1 0 1 0
1 0 1 1 1 0 1 1 0 1 0
0 1 1 1 1 0 1 1 0 1 0
0 0 0 0 0 1 1 1 0 1 0
0 1 0 0 0 1 1 1 0 1 0
0 0 1 0 0 1 1 1 0 1 0
1 0 1 0 0 1 1 1 0 1 0
0 1 1 0 0 1 1 1 0 1 0
0 0 0 1 0 1 1 1 0 1 0
0 1 0 1 0 1 1 1 0 1 0
0 0 1 1 0 1 1 1 0 1 0
1 0 1 1 0 1 1 1 0 1 0
0 1 1 1 0 1 1 1 0 1 0
0 0 0 0 1 1 1 1 0 1 0
0 1 0 0 1 1 1 1 0 1 0
0 0 1 0 1 1 1 1 0 1 0
1 0 1 0 1 1 1 1 0 1 0
0 1 1 0 1 1 1 1 0 1 0
0 0 0 1 1 1 1 1 0 1 0
0 1 0 1 1 1 1 1 0 1 0
0 0 1 1 1 1 1 1 0 1 0
1 0 1 1 1 1 1 1 0 1 0
0 1 1 1 1 1 1 1 0 1 0
0 0 0 0 0 0 0 0 1 1 0
0 1 0 0 0 0 0 0 1 1 0
0 0 1 0 0 0 0 0 1 1 0
1 0 1 0 0 0 0 0 1 1 0
0 1 1 0 0 0 0 0 1 1 0
0 0 0 1 0 0 0 0 1 1 0
0 1 0 1 0 0 0 0 1 1 0
0 0 1 1 0 0 0 0 1 1 0
1 0 1 1 0 0 0 0 1 1 0
0 1 1 1 0 0 0 0 1 1 0
0 0 0 0 1 0 0 0 1 1 0
0 1 0 0 1 0 0 0 1 1 0
0 0 1 0 1 0 0 0 1 1 0
1 0 1 0 1 0 0 0 1 1 0
0 1 1 0 1 0 0 0 1 1 0
0 0 0 1 1 0 0 0 1 1 0
0 1 0 1 1 0 0 0 1 1 0
0 0 1 1 1 0 0 0 1 1 0
1 0 1 1 1 0 0 0 1 1 0
0 1 1 1 1 0 0 0 1 1 0
0 0 0 0 0 1 0 0 1 1 0
0 1 0 0 0 1 0 0 1 1 0
0 0 1 0 0 1 0 0 1 1 0
1 0 1 0 0 1 0 0 1 1 0
0 1 1 0 0 1 0 0 1 1 0
0 0 0 1 0 1 0 0 1 1 0
0 1 0 1 0 1 0 0 1 1 0
0 0 1 1 0 1 0 0 1 1 0
1 0 1 1 0 1 0 0 1 1 0
0 1 1 1 0 1 0 0 1 1 0
0 0 0 0 1 1 0 0 1 1 0
0 1 0 0 1 1 0 0 1 1 0
0 0 1 0 1 1 0 0 1 1 0
1 0 1 0 1 1 0 0 1 1 0
0 1 1 0 1 1 0 0 1 1 0
0 0 0 1 1 1 0 0 1 1 0
0 1 0 1 1 1 0 0 1 1 0
0 0 1 1 1 1 0 0 1 1 0
1 0 1 1 1 1 0 0 1 1 0
0 1 1 1 1 1 0 0 1 1 0
0 0 0 0 0 0 1 0 1 1 0
0 1 0 0 0 0 1 0 1 1 0
0 0 1 0 0 0 1 0 1 1 0
1 0 1 0 0 0 1 0 1 1 0
0 1 1 0 0 0 1 0 1 1 0
0 0 0 1 0 0 1 0 1 1 0
0 1 0 1 0 0 1 0 1 1 0
0 0 1 1 0 0 1 0 1 1 0
1 0 1 1 0 0 1 0 1 1 0
0 1 1 1 0 0 1 0 1 1 0
0 0 0 0 1 0 1 0 1 1 0
0 1 0 0 1 0 1 0 1 1 0
0 0 1 0 1 0 1 0 1 1 0
1 0 1 0 1 0 1 0 1 1 0
0 1 1 0 1 0 1 0 1 1 0
0 0 0 1 1 0 1 0 1 1 0
0 1 0 1 1 0 1 0 1 1 0
0 0 1 1 1 0 1 0 1 1 0
1 0 1 1 1 0 1 0 1 1 0
0 1 1 1 1 0 1 0 1 1 0
0 0 0 0 0 1 1 0 1 1 0
0 1 0 0 0 1 1 0 1 1 0
0 0 1 0 0 1 1 0 1 1 0
1 0 1 0 0 1 1 0 1 1 0
0 1 1 0 0 1 1 0 1 1 0
0 0 0 1 0 1 1 0 1 1 0
0 1 0 1 0 1 1 0 1 1 0
0 0 1 1 0 1 1 0 1 1 0
1 0 1 1 0 1 1 0 1 1 0
0 1 1 1 0 1 1 0 1 1 0
0 0 0 0 1 1 1 0 1 1 0
0 1 0 0 1 1 1 0 1 1 0
0 0 1 0 1 1 1 0 1 1 0
1 0 1 0 1 1 1 0 1 1 0
0 1 1 0 1 1 1 0 1 1 0
0 0 0 1 1 1 1 0 1 1 0
0 1 0 1 1 1 1 0 1 1 0
0 0 1 1 1 1 1 0 1 1 0
1 0 1 1 1 1 1 0 1 1 0
0 1 1 1 1 1 1 0 1 1 0
0 0 0 0 0 0 0 1 1 1 0
0 1 0 0 0 0 0 1 1 1 0
0 0 1 0 0 0 0 1 1 1 0
1 0 1 0 0 0 0 1 1 1 0
0 1 1 0 0 0 0 1 1 1 0
0 0 0 1 0 0 0 1 1 1 0
0 1 0 1 0 0 0 1 1 1 0
0 0 1 1 0 0 0 1 1 1 0
1 0 1 1 0 0 0 1 1 1 0
0 1 1 1 0 0 0 1 1 1 0
0 0 0 0 1 0 0 1 1 1 0
0 1 0 0 1 0 0 1 1 1 0
0 0 1 0 1 0 0 1 1 1 0
1 0 1 0 1 0 0 1 1 1 0
0 1 1 0 1 0 0 1 1 1 0
0 0 0 1 1 0 0 1 1 1 0
0 1 0 1 1 0 0 1 1 1 0
0 0 1 1 1 0 0 1 1 1 0
1 0 1 1 1 0 0 1 1 1 0
0 1 1 1 1 0 0 1 1 1 0
0 0 0 0 0 1 0 1 1 1 0
0 1 0 0 0 1 0 1 1 1 0
0 0 1 0 0 1 0 1 1 1 0
1 0 1 0 0 1 0 1 1 1 0
0 1 1 0 0 1 0 1 1 1 0
0 0 0 1 0 1 0 1 1 1 0
0 1 0 1 0 1 0 1 1 1 0
0 0 1 1 0 1 0 1 1 1 0
1 0 1 1 0 1 0 1 1 1 0
0 1 1 1 0 1 0 1 1 1 0
0 0 0 0 1 1 0 1 1 1 0
0 1 0 0 1 1 0 1 1 1 0
0 0 1 0 1 1 0 1 1 1 0
1 0 1 0 1 1 0 1 1 1 0
0 1 1 0 1 1 0 1 1 1 0
0 0 0 1 1 1 0 1 1 1 0
0 1 0 1 1 1 0 1 1 1 0
0 0 1 1 1 1 0 1 1 1 0
1 0 1 1 1 1 0 1 1 1 0
0 1 1 1 1 1 0 1 1 1 0
0 0 0 0 0 0 1 1 1 1 0
0 1 0 0 0 0 1 1 1 1 0
0 0 1 0 0 0 1 1 1 1 0
1 0 1 0 0 0 1 1 1 1 0
0 1 1 0 0 0 1 1 1 1 0
0 0 0 1 0 0 1 1 1 1 0
0 1 0 1 0 0 1 1 1 1 0
0 0 1 1 0 0 1 1 1 1 0
1 0 1 1 0 0 1 1 1 1 0
0 1 1 1 0 0 1 1 1 1 0
0 0 0 0 1 0 1 1 1 1 0
0 1 0 0 1 0 1 1 1 1 0
0 0 1 0 1 0 1 1 1 1 0
1 0 1 0 1 0 1 1 1 1 0
0 1 1 0 1 0 1 1 1 1 0
0 0 0 1 1 0 1 1 1 1 0
0 1 0 1 1 0 1 1 1 1 0
0 0 1 1 1 0 1 1 1 1 0
1 0 1 1 1 0 1 1 1 1 0
0 1 1 1 1 0 1 1 1 1 0
0 0 0 0 0 1 1 1 1 1 0
0 1 0 0 0 1 1 1 1 1 0
0 0 1 0 0 1 1 1 1 1 0
1 0 1 0 0 1 1 1 1 1 0
0 1 1 0 0 1 1 1 1 1 0
0 0 0 1 0 1 1 1 1 1 0
0 1 0 1 0 1 1 1 1 1 0
0 0 1 1 0 1 1 1 1 1 0
1 0 1 1 0 1 1 1 1 1 0
0 1 1 1 0 1 1 1 1 1 0
0 0 0 0 1 1 1 1 1 1 0
0 1 0 0 1 1 1 1 1 1 0
0 0 1 0 1 1 1 1 1 1 0
1 0 1 0 1 1 1 1 1 1 0
0 1 1 0 1 1 1 1 1 1 0
0 0 0 1 1 1 1 1 1 1 0
0 1 0 1 1 1 1 1 1 1 0
0 0 1 1 1 1 1 1 1 1 0
1 0 1 1 1 1 1 1 1 1 0
0 1 1 1 1 1 1 1 1 1 0
0 0 0 0 0 0 0 0 0 0 1
0 1 0 0 0 0 0 0 0 0 1
0 0 1 0 0 0 0 0 0 0 1
1 0 1 0 0 0 0 0 0 0 1
0 1 1 0 0 0 0 0 0 0 1
0 0 0 1 0 0 0 0 0 0 1
0 1 0 1 0 0 0 0 0 0 1
0 0 1 1 0 0 0 0 0 0 1
1 0 1 1 0 0 0 0 0 0 1
0 1 1 1 0 0 0 0 0 0 1
0 0 0 0 1 0 0 0 0 0 1
0 1 0 0 1 0 0 0 0 0 1
0 0 1 0 1 0 0 0 0 0 1
1 0 1 0 1 0 0 0 0 0 1
0 1 1 0 1 0 0 0 0 0 1
0 0 0 1 1 0 0 0 0 0 1
0 1 0 1 1 0 0 0 0 0 1
0 0 1 1 1 0 0 0 0 0 1
1 0 1 1 1 0 0 0 0 0 1
0 1 1 1 1 0 0 0 0 0 1
0 0 0 0 0 1 0 0 0 0 1
0 1 0 0 0 1 0 0 0 0 1
0 0 1 0 0 1 0 0 0 0 1
1 0 1 0 0 1 0 0 0 0 1
0 1 1 0 0 1 0 0 0 0 1
0 0 0 1 0 1 0 0 0 0 1
0 1 0 1 0 1 0 0 0 0 1
0 0 1 1 0 1 0 0 0 0 1
1 0 1 1 0 1 0 0 0 0 1
0 1 1 1 0 1 0 0 0 0 1
0 0 0 0 1 1 0 0 0 0 1
0 1 0 0 1 1 0 0 0 0 1
0 0 1 0 1 1 0 0 0 0 1
1 0 1 0 1 1 0 0 0 0 1
0 1 1 0 1 1 0 0 0 0 1
0 0 0 1 1 1 0 0 0 0 1
0 1 0 1 1 1 0 0 0 0 1
0 0 1 1 1 1 0 0 0 0 1
1 0 1 1 1 1 0 0 0 0 1
0 1 1 1 1 1 0 0 0 0 1
0 0 0 0 0 0 1 0 0 0 1
0 1 0 0 0 0 1 0 0 0 1
0 0 1 0 0 0 1 0 0 0 1
1 0 1 0 0 0 1 0 0 0 1
0 1 1 0 0 0 1 0 0 0 1
0 0 0 1 0 0 1 0 0 0 1
0 1 0 1 0 0 1 0 0 0 1
0 0 1 1 0 0 1 0 0 0 1
1 0 1 1 0 0 1 0 0 0 1
0 1 1 1 0 0 1 0 0 0 1
0 0 0 0 1 0 1 0 0 0 1
0 1 0 0 1 0 1 0 0 0 1
0 0 1 0 1 0 1 0 0 0 1
1 0 1 0 1 0 1 0 0 0 1
0 1 1 0 1 0 1 0 0 0 1
0 0 0 1 1 0 1 0 0 0 1
0 1 0 1 1 0 1 0 0 0 1
0 0 1 1 1 0 1 0 0 0 1
1 0 1 1 1 0 1 0 0 0 1
0 1 1 1 1 0 1 0 0 0 1
0 0 0 0 0 1 1 0 0 0 1
0 1 0 0 0 1 1 0 0 0 1
0 0 1 0 0 1 1 0 0 0 1
1 0 1 0 0 1 1 0 0 0 1
0 1 1 0 0 1 1 0 0 0 1
0 0 0 1 0 1 1 0 0 0 1
0 1 0 1 0 1 1 0 0 0 1
0 0 1 1 0 1 1 0 0 0 1
1 0 1 1 0 1 1 0 0 0 1
0 1 1 1 0 1 1 0 0 0 1
0 0 0 0 1 1 1 0 0 0 1
0 1 0 0 1 1 1 0 0 0 1
0 0 1 0 1 1 1 0 0 0 1
1 0 1 0 1 1 1 0 0 0 1
0 1 1 0 1 1 1 0 0 0 1
0 0 0 1 1 1 1 0 0 0 1
0 1 0 1 1 1 1 0 0 0 1
0 0 1 1 1 1 1 0 0 0 1
1 0 1 1 1 1 1 0 0 0 1
0 1 1 1 1 1 1 0 0 0 1
0 0 0 0 0 0 0 1 0 0 1
0 1 0 0 0 0 0 1 0 0 1
0 0 1 0 0 0 0 1 0 0 1
1 0 1 0 0 0 0 1 0 0 1
0 1 1 0 0 0 0 1 0 0 1
0 0 0 1 0 0 0 1 0 0 1
0 1 0 1 0 0 0 1 0 0 1
0 0 1 1 0 0 0 1 0 0 1
1 0 1 1 0 0 0 1 0 0 1
0 1 1 1 0 0 0 1 0 0 1
0 0 0 0 1 0 0 1 0 0 1
0 1 0 0 1 0 0 1 0 0 1
0 0 1 0 1 0 0 1 0 0 1
1 0 1 0 1 0 0 1 0 0 1
0 1 1 0 1 0 0 1 0 0 1
0 0 0 1 1 0 0 1 0 0 1
0 1 0 1 1 0 0 1 0 0 1
0 0 1 1 1 0 0 1 0 0 1
1 0 1 1 1 0 0 1 0 0 1
0 1 1 1 1 0 0 1 0 0 1
0 0 0 0 0 1 0 1 0 0 1
0 1 0 0 0 1 0 1 0 0 1
0 0 1 0 0 1 0 1 0 0 1
1 0 1 0 0 1 0 1 0 0 1
0 1 1 0 0 1 0 1 0 0 1
0 0 0 1 0 1 0 1 0 0 1
0 1 0 1 0 1 0 1 0 0 1
0 0 1 1 0 1 0 1 0 0 1
1 0 1 1 0 1 0 1 0 0 1
0 1 1 1 0 1 0 1 0 0 1
0 0 0 0 1 1 0 1 0 0 1
0 1 0 0 1 1 0 1 0 0 1
0 0 1 0 1 1 0 1 0 0 1
1 0 1 0 1 1 0 1 0 0 1
0 1 1 0 1 1 0 1 0 0 1
0 0 0 1 1 1 0 1 0 0 1
0 1 0 1 1 1 0 1 0 0 1
0 0 1 1 1 1 0 1 0 0 1
1 0 1 1 1 1 0 1 0 0 1
0 1 1 1 1 1 0 1 0 0 1
0 0 0 0 0 0 1 1 0 0 1
0 1 0 0 0 0 1 1 0 0 1
0 0 1 0 0 0 1 1 0 0 1
1 0 1 0 0 0 1 1 0 0 1
0 1 1 0 0 0 1 1 0 0 1
0 0 0 1 0 0 1 1 0 0 1
0 1 0 1 0 0 1 1 0 0 1
0 0 1 1 0 0 1 1 0 0 1
1 0 1 1 0 0 1 1 0 0 1
0 1 1 1 0 0 1 1 0 0 1
0 0 0 0 1 0 1 1 0 0 1
0 1 0 0 1 0 1 1 0 0 1
0 0 1 0 1 0 1 1 0 0 1
1 0 1 0 1 0 1 1 0 0 1
0 1 1 0 1 0 1 1 0 0 1
0 0 0 1 1 0 1 1 0 0 1
0 1 0 1 1 0 1 1 0 0 1
0 0 1 1 1 0 1 1 0 0 1
1 0 1 1 1 0 1 1 0 0 1
0 1 1 1 1 0 1 1 0 0 1
0 0 0 0 0 1 1 1 0 0 1
0 1 0 0 0 1 1 1 0 0 1
0 0 1 0 0 1 1 1 0 0 1
1 0 1 0 0 1 1 1 0 0 1
0 1 1 0 0 1 1 1 0 0 1
0 0 0 1 0 1 1 1 0 0 1
0 1 0 1 0 1 1 1 0 0 1
0 0 1 1 0 1 1 1 0 0 1
1 0 1 1 0 1 1 1 0 0 1
0 1 1 1 0 1 1 1 0 0 1
0 0 0 0 1 1 1 1 0 0 1
0 1 0 0 1 1 1 1 0 0 1
0 0 1 0 1 1 1 1 0 0 1
1 0 1 0 1 1 1 1 0 0 1
0 1 1 0 1 1 1 1 0 0 1
0 0 0 1 1 1 1 1 0 0 1
0 1 0 1 1 1 1 1 0 0 1
0 0 1 1 1 1 1 1 0 0 1
1 0 1 1 1 1 1 1 0 0 1
0 1 1 1 1 1 1 1 0 0 1
0 0 0 0 0 0 0 0 1 0 1
0 1 0 0 0 0 0 0 1 0 1
0 0 1 0 0 0 0 0 1 0 1
1 0 1 0 0 0 0 0 1 0 1
0 1 1 0 0 0 0 0 1 0 1
0 0 0 1 0 0 0 0 1 0 1
0 1 0 1 0 0 0 0 1 0 1
0 0 1 1 0 0 0 0 1 0 1
1 0 1 1 0 0 0 0 1 0 1
0 1 1 1 0 0 0 0 1 0 1
0 0 0 0 1 0 0 0 1 0 1
0 1 0 0 1 0 0 0 1 0 1
0 0 1 0 1 0 0 0 1 0 1
1 0 1 0 1 0 0 0 1 0 1
0 1 1 0 1 0 0 0 1 0 1
0 0 0 1 1 0 0 0 1 0 1
0 1 0 1 1 0 0 0 1 0 1
0 0 1 1 1 0 0 0 1 0 1
1 0 1 1 1 0 0 0 1 0 1
0 1 1 1 1 0 0 0 1 0 1
0 0 0 0 0 1 0 0 1 0 1
0 1 0 0 0 1 0 0 1 0 1
0 0 1 0 0 1 0 0 1 0 1
1 0 1 0 0 1 0 0 1 0 1
0 1 1 0 0 1 0 0 1 0 1
0 0 0 1 0 1 0 0 1 0 1
0 1 0 1 0 1 0 0 1 0 1
0 0 1 1 0 1 0 0 1 0 1
1 0 1 1 0 1 0 0 1 0 1
0 1 1 1 0 1 0 0 1 0 1
0 0 0 0 1 1 0 0 1 0 1
0 1 0 0 1 1 0 0 1 0 1
0 0 1 0 1 1 0 0 1 0 1
1 0 1 0 1 1 0 0 1 0 1
0 1 1 0 1 1 0 0 1 0 1
0 0 0 1 1 1 0 0 1 0 1
0 1 0 1 1 1 0 0 1 0 1
0 0 1 1 1 1 0 0 1 0 1
1 0 1 1 1 1 0 0 1 0 1
0 1 1 1 1 1 0 0 1 0 1
0 0 0 0 0 0 1 0 1 0 1
0 1 0 0 0 0 1 0 1 0 1
0 0 1 0 0 0 1 0 1 0 1
1 0 1 0 0 0 1 0 1 0 1
0 1 1 0 0 0 1 0 1 0 1
0 0 0 1 0 0 1 0 1 0 1
0 1 0 1 0 0 1 0 1 0 1
0 0 1 1 0 0 1 0 1 0 1
1 0 1 1 0 0 1 0 1 0 1
0 1 1 1 0 0 1 0 1 0 1
0 0 0 0 1 0 1 0 1 0 1
0 1 0 0 1 0 1 0 1 0 1
0 0 1 0 1 0 1 0 1 0 1
1 0 1 0 1 0 1 0 1 0 1
0 1 1 0 1 0 1 0 1 0 1
0 0 0 1 1 0 1 0 1 0 1
0 1 0 1 1 0 1 0 1 0 1
0 0 1 1 1 0 1 0 1 0 1
1 0 1 1 1 0 1 0 1 0 1
0 1 1 1 1 0 1 0 1 0 1
0 0 0 0 0 1 1 0 1 0 1
0 1 0 0 0 1 1 0 1 0 1
0 0 1 0 0 1 1 0 1 0 1
1 0 1 0 0 1 1 0 1 0 1
0 1 1 0 0 1 1 0 1 0 1
0 0 0 1 0 1 1 0 1 0 1
0 1 0 1 0 1 1 0 1 0 1
0 0 1 1 0 1 1 0 1 0 1
1 0 1 1 0 1 1 0 1 0 1
0 1 1 1 0 1 1 0 1 0 1
0 0 0 0 1 1 1 0 1 0 1
0 1 0 0 1 1 1 0 1 0 1
0 0 1 0 1 1 1 0 1 0 1
1 0 1 0 1 1 1 0 1 0 1
0 1 1 0 1 1 1 0 1 0 1
0 0 0 1 1 1 1 0 1 0 1
0 1 0 1 1 1 1 0 1 0 1
0 0 1 1 1 1 1 0 1 0 1
1 0 1 1 1 1 1 0 1 0 1
0 1 1 1 1 1 1 0 1 0 1
0 0 0 0 0 0 0 1 1 0 1
0 1 0 0 0 0 0 1 1 0 1
0 0 1 0 0 0 0 1 1 0 1
1 0 1 0 0 0 0 1 1 0 1
0 1 1 0 0 0 0 1 1 0 1
0 0 0 1 0 0 0 1 1 0 1
0 1 0 1 0 0 0 1 1 0 1
0 0 1 1 0 0 0 1 1 0 1
1 0 1 1 0 0 0 1 1 0 1
0 1 1 1 0 0 0 1 1 0 1
0 0 0 0 1 0 0 1 1 0 1
0 1 0 0 1 0 0 1 1 0 1
0 0 1 0 1 0 0 1 1 0 1
1 0 1 0 1 0 0 1 1 0 1
0 1 1 0 1 0 0 1 1 0 1
0 0 0 1 1 0 0 1 1 0 1
0 1 0 1 1 0 0 1 1 0 1
0 0 1 1 1 0 0 1 1 0 1
1 0 1 1 1 0 0 1 1 0 1
0 1 1 1 1 0 0 1 1 0 1
0 0 0 0 0 1 0 1 1 0 1
0 1 0 0 0 1 0 1 1 0 1
0 0 1 0 0 1 0 1 1 0 1
1 0 1 0 0 1 0 1 1 0 1
0 1 1 0 0 1 0 1 1 0 1
0 0 0 1 0 1 0 1 1 0 1
0 1 0 1 0 1 0 1 1 0 1
0 0 1 1 0 1 0 1 1 0 1
1 0 1 1 0 1 0 1 1 0 1
0 1 1 1 0 1 0 1 1 0 1
0 0 0 0 1 1 0 1 1 0 1
0 1 0 0 1 1 0 1 1 0 1
0 0 1 0 1 1 0 1 1 0 1
1 0 1 0 1 1 0 1 1 0 1
0 1 1 0 1 1 0 1 1 0 1
0 0 0 1 1 1 0 1 1 0 1
0 1 0 1 1 1 0 1 1 0 1
0 0 1 1 1 1 0 1 1 0 1
1 0 1 1 1 1 0 1 1 0 1
0 1 1 1 1 1 0 1 1 0 1
0 0 0 0 0 0 1 1 1 0 1
0 1 0 0 0 0 1 1 1 0 1
0 0 1 0 0 0 1 1 1 0 1
1 0 1 0 0 0 1 1 1 0 1
0 1 1 0 0 0 1 1 1 0 1
0 0 0 1 0 0 1 1 1 0 1
0 1 0 1 0 0 1 1 1 0 1
0 0 1 1 0 0 1 1 1 0 1
1 0 1 1 0 0 1 1 1 0 1
0 1 1 1 0 0 1 1 1 0 1
0 0 0 0 1 0 1 1 1 0 1
0 1 0 0 1 0 1 1 1 0 1
0 0 1 0 1 0 1 1 1 0 1
1 0 1 0 1 0 1 1 1 0 1
0 1 1 0 1 0 1 1 1 0 1
0 0 0 1 1 0 1 1 1 0 1
0 1 0 1 1 0 1 1 1 0 1
0 0 1 1 1 0 1 1 1 0 1
1 0 1 1 1 0 1 1 1 0 1
0 1 1 1 1 0 1 1 1 0 1
0 0 0 0 0 1 1 1 1 0 1
0 1 0 0 0 1 1 1 1 0 1
0 0 1 0 0 1 1 1 1 0 1
1 0 1 0 0 1 1 1 1 0 1
0 1 1 0 0 1 1 1 1 0 1
0 0 0 1 0 1 1 1 1 0 1
0 1 0 1 0 1 1 1 1 0 1
0 0 1 1 0 1 1 1 1 0 1
1 0 1 1 0 1 1 1 1 0 1
0 1 1 1 0 1 1 1 1 0 1
0 0 0 0 1 1 1 1 1 0 1
0 1 0 0 1 1 1 1 1 0 1
0 0 1 0 1 1 1 1 1 0 1
1 0 1 0 1 1 1 1 1 0 1
0 1 1 0 1 1 1 1 1 0 1
0 0 0 1 1 1 1 1 1 0 1
0 1 0 1 1 1 1 1 1 0 1
0 0 1 1 1 1 1 1 1 0 1
1 0 1 1 1 1 1 1 1 0 1
0 1 1 1 1 1 1 1 1 0 1
0 0 0 0 0 0 0 0 0 1 1
0 1 0 0 0 0 0 0 0 1 1
0 0 1 0 0 0 0 0 0 1 1
1 0 1 0 0 0 0 0 0 1 1
0 1 1 0 0 0 0 0 0 1 1
0 0 0 1 0 0 0 0 0 1 1
0 1 0 1 0 0 0 0 0 1 1
0 0 1 1 0 0 0 0 0 1 1
1 0 1 1 0 0 0 0 0 1 1
0 1 1 1 0 0 0 0 0 1 1
0 0 0 0 1 0 0 0 0 1 1
0 1 0 0 1 0 0 0 0 1 1
0 0 1 0 1 0 0 0 0 1 1
1 0 1 0 1 0 0 0 0 1 1
0 1 1 0 1 0 0 0 0 1 1
0 0 0 1 1 0 0 0 0 1 1
0 1 0 1 1 0 0 0 0 1 1
0 0 1 1 1 0 0 0 0 1 1
1 0 1 1 1 0 0 0 0 1 1
0 1 1 1 1 0 0 0 0 1 1
0 0 0 0 0 1 0 0 0 1 1
0 1 0 0 0 1 0 0 0 1 1
0 0 1 0 0 1 0 0 0 1 1
1 0 1 0 0 1 0 0 0 1 1
0 1 1 0 0 1 0 0 0 1 1
0 0 0 1 0 1 0 0 0 1 1
0 1 0 1 0 1 0 0 0 1 1
0 0 1 1 0 1 0 0 0 1 1
1 0 1 1 0 1 0 0 0 1 1
0 1 1 1 0 1 0 0 0 1 1
0 0 0 0 1 1 0 0 0 1 1
0 1 0 0 1 1 0 0 0 1 1
0 0 1 0 1 1 0 0 0 1 1
1 0 1 0 1 1 0 0 0 1 1
0 1 1 0 1 1 0 0 0 1 1
0 0 0 1 1 1 0 0 0 1 1
0 1 0 1 1 1 0 0 0 1 1
0 0 1 1 1 1 0 0 0 1 1
1 0 1 1 1 1 0 0 0 1 1
0 1 1 1 1 1 0 0 0 1 1
0 0 0 0 0 0 1 0 0 1 1
0 1 0 0 0 0 1 0 0 1 1
0 0 1 0 0 0 1 0 0 1 1
1 0 1 0 0 0 1 0 0 1 1
0 1 1 0 0 0 1 0 0 1 1
0 0 0 1 0 0 1 0 0 1 1
0 1 0 1 0 0 1 0 0 1 1
0 0 1 1 0 0 1 0 0 1 1
1 0 1 1 0 0 1 0 0 1 1
0 1 1 1 0 0 1 0 0 1 1
0 0 0 0 1 0 1 0 0 1 1
0 1 0 0 1 0 1 0 0 1 1
0 0 1 0 1 0 1 0 0 1 1
1 0 1 0 1 0 1 0 0 1 1
0 1 1 0 1 0 1 0 0 1 1
0 0 0 1 1 0 1 0 0 1 1
0 1 0 1 1 0 1 0 0 1 1
0 0 1 1 1 0 1 0 0 1 1
1 0 1 1 1 0 1 0 0 1 1
0 1 1 1 1 0 1 0 0 1 1
0 0 0 0 0 1 1 0 0 1 1
0 1 0 0 0 1 1 0 0 1 1
0 0 1 0 0 1 1 0 0 1 1
1 0 1 0 0 1 1 0 0 1 1
0 1 1 0 0 1 1 0 0 1 1
0 0 0 1 0 1 1 0 0 1 1
0 1 0 1 0 1 1 0 0 1 1
0 0 1 1 0 1 1 0 0 1 1
1 0 1 1 0 1 1 0 0 1 1
0 1 1 1 0 1 1 0 0 1 1
0 0 0 0 1 1 1 0 0 1 1
0 1 0 0 1 1 1 0 0 1 1
0 0 1 0 1 1 1 0 0 1 1
1 0 1 0 1 1 1 0 0 1 1
0 1 1 0 1 1 1 0 0 1 1
0 0 0 1 1 1 1 0 0 1 1
0 1 0 1 1 1 1 0 0 1 1
0 0 1 1 1 1 1 0 0 1 1
1 0 1 1 1 1 1 0 0 1 1
0 1 1 1 1 1 1 0 0 1 1
0 0 0 0 0 0 0 1 0 1 1
0 1 0 0 0 0 0 1 0 1 1
0 0 1 0 0 0 0 1 0 1 1
1 0 1 0 0 0 0 1 0 1 1
0 1 1 0 0 0 0 1 0 1 1
0 0 0 1 0 0 0 1 0 1 1
0 1 0 1 0 0 0 1 0 1 1
0 0 1 1 0 0 0 1 0 1 1
1 0 1 1 0 0 0 1 0 1 1
0 1 1 1 0 0 0 1 0 1 1
0 0 0 0 1 0 0 1 0 1 1
0 1 0 0 1 0 0 1 0 1 1
0 0 1 0 1 0 0 1 0 1 1
1 0 1 0 1 0 0 1 0 1 1
0 1 1 0 1 0 0 1 0 1 1
0 0 0 1 1 0 0 1 0 1 1
0 1 0 1 1 0 0 1 0 1 1
0 0 1 1 1 0 0 1 0 1 1
1 0 1 1 1 0 0 1 0 1 1
0 1 1 1 1 0 0 1 0 1 1
0 0 0 0 0 1 0 1 0 1 1
0 1 0 0 0 1 0 1 0 1 1
0 0 1 0 0 1 0 1 0 1 1
1 0 1 0 0 1 0 1 0 1 1
0 1 1 0 0 1 0 1 0 1 1
0 0 0 1 0 1 0 1 0 1 1
0 1 0 1 0 1 0 1 0 1 1
0 0 1 1 0 1 0 1 0 1 1
1 0 1 1 0 1 0 1 0 1 1
0 1 1 1 0 1 0 1 0 1 1
0 0 0 0 1 1 0 1 0 1 1
0 1 0 0 1 1 0 1 0 1 1
0 0 1 0 1 1 0 1 0 1 1
1 0 1 0 1 1 0 1 0 1 1
0 1 1 0 1 1 0 1 0 1 1
0 0 0 1 1 1 0 1 0 1 1
0 1 0 1 1 1 0 1 0 1 1
0 0 1 1 1 1 0 1 0 1 1
1 0 1 1 1 1 0 1 0 1 1
0 1 1 1 1 1 0 1 0 1 1
0 0 0 0 0 0 1 1 0 1 1
0 1 0 0 0 0 1 1 0 1 1
0 0 1 0 0 0 1 1 0 1 1
1 0 1 0 0 0 1 1 0 1 1
0 1 1 0 0 0 1 1 0 1 1
0 0 0 1 0 0 1 1 0 1 1
0 1 0 1 0 0 1 1 0 1 1
0 0 1 1 0 0 1 1 0 1 1
1 0 1 1 0 0 1 1 0 1 1
0 1 1 1 0 0 1 1 0 1 1
0 0 0 0 1 0 1 1 0 1 1
0 1 0 0 1 0 1 1 0 1 1
0 0 1 0 1 0 1 1 0 1 1
1 0 1 0 1 0 1 1 0 1 1
0 1 1 0 1 0 1 1 0 1 1
0 0 0 1 1 0 1 1 0 1 1
0 1 0 1 1 0 1 1 0 1 1
0 0 1 1 1 0 1 1 0 1 1
1 0 1 1 1 0 1 1 0 1 1
0 1 1 1 1 0 1 1 0 1 1
0 0 0 0 0 1 1 1 0 1 1
0 1 0 0 0 1 1 1 0 1 1
0 0 1 0 0 1 1 1 0 1 1
1 0 1 0 0 1 1 1 0 1 1
0 1 1 0 0 1 1 1 0 1 1
0 0 0 1 0 1 1 1 0 1 1
0 1 0 1 0 1 1 1 0 1 1
0 0 1 1 0 1 1 1 0 1 1
1 0 1 1 0 1 1 1 0 1 1
0 1 1 1 0 1 1 1 0 1 1
0 0 0 0 1 1 1 1 0 1 1
0 1 0 0 1 1 1 1 0 1 1
0 0 1 0 1 1 1 1 0 1 1
1 0 1 0 1 1 1 1 0 1 1
0 1 1 0 1 1 1 1 0 1 1
0 0 0 1 1 1 1 1 0 1 1
0 1 0 1 1 1 1 1 0 1 1
0 0 1 1 1 1 1 1 0 1 1
1 0 1 1 1 1 1 1 0 1 1
0 1 1 1 1 1 1 1 0 1 1
0 0 0 0 0 0 0 0 1 1 1
0 1 0 0 0 0 0 0 1 1 1
0 0 1 0 0 0 0 0 1 1 1
1 0 1 0 0 0 0 0 1 1 1
0 1 1 0 0 0 0 0 1 1 1
0 0 0 1 0 0 0 0 1 1 1
0 1 0 1 0 0 0 0 1 1 1
0 0 1 1 0 0 0 0 1 1 1
1 0 1 1 0 0 0 0 1 1 1
0 1 1 1 0 0 0 0 1 1 1
0 0 0 0 1 0 0 0 1 1 1
0 1 0 0 1 0 0 0 1 1 1
0 0 1 0 1 0 0 0 1 1 1
1 0 1 0 1 0 0 0 1 1 1
0 1 1 0 1 0 0 0 1 1 1
0 0 0 1 1 0 0 0 1 1 1
0 1 0 1 1 0 0 0 1 1 1
0 0 1 1 1 0 0 0 1 1 1
1 0 1 1 1 0 0 0 1 1 1
0 1 1 1 1 0 0 0 1 1 1
0 0 0 0 0 1 0 0 1 1 1
0 1 0 0 0 1 0 0 1 1 1
0 0 1 0 0 1 0 0 1 1 1
1 0 1 0 0 1 0 0 1 1 1
0 1 1 0 0 1 0 0 1 1 1
0 0 0 1 0 1 0 0 1 1 1
0 1 0 1 0 1 0 0 1 1 1
0 0 1 1 0 1 0 0 1 1 1
1 0 1 1 0 1 0 0 1 1 1
0 1 1 1 0 1 0 0 1 1 1
0 0 0 0 1 1 0 0 1 1 1
0 1 0 0 1 1 0 0 1 1 1
0 0 1 0 1 1 0 0 1 1 1
1 0 1 0 1 1 0 0 1 1 1
0 1 1 0 1 1 0 0 1 1 1
0 0 0 1 1 1 0 0 1 1 1
0 1 0 1 1 1 0 0 1 1 1
0 0 1 1 1 1 0 0 1 1 1
1 0 1 1 1 1 0 0 1 1 1
0 1 1 1 1 1 0 0 1 1 1
0 0 0 0 0 0 1 0 1 1 1
0 1 0 0 0 0 1 0 1 1 1
0 0 1 0 0 0 1 0 1 1 1
1 0 1 0 0 0 1 0 1 1 1
0 1 1 0 0 0 1 0 1 1 1
0 0 0 1 0 0 1 0 1 1 1
0 1 0 1 0 0 1 0 1 1 1
0 0 1 1 0 0 1 0 1 1 1
1 0 1 1 0 0 1 0 1 1 1
0 1 1 1 0 0 1 0 1 1 1
0 0 0 0 1 0 1 0 1 1 1
0 1 0 0 1 0 1 0 1 1 1
0 0 1 0 1 0 1 0 1 1 1
1 0 1 0 1 0 1 0 1 1 1
0 1 1 0 1 0 1 0 1 1 1
0 0 0 1 1 0 1 0 1 1 1
0 1 0 1 1 0 1 0 1 1 1
0 0 1 1 1 0 1 0 1 1 1
1 0 1 1 1 0 1 0 1 1 1
0 1 1 1 1 0 1 0 1 1 1
0 0 0 0 0 1 1 0 1 1 1
0 1 0 0 0 1 1 0 1 1 1
0 0 1 0 0 1 1 0 1 1 1
1 0 1 0 0 1 1 0 1 1 1
0 1 1 0 0 1 1 0 1 1 1
0 0 0 1 0 1 1 0 1 1 1
0 1 0 1 0 1 1 0 1 1 1
0 0 1 1 0 1 1 0 1 1 1
1 0 1 1 0 1 1 0 1 1 1
0 1 1 1 0 1 1 0 1 1 1
0 0 0 0 1 1 1 0 1 1 1
0 1 0 0 1 1 1 0 1 1 1
0 0 1 0 1 1 1 0 1 1 1
1 0 1 0 1 1 1 0 1 1 1
0 1 1 0 1 1 1 0 1 1 1
0 0 0 1 1 1 1 0 1 1 1
0 1 0 1 1 1 1 0 1 1 1
0 0 1 1 1 1 1 0 1 1 1
1 0 1 1 1 1 1 0 1 1 1
0 1 1 1 1 1 1 0 1 1 1
0 0 0 0 0 0 0 1 1 1 1
0 1 0 0 0 0 0 1 1 1 1
0 0 1 0 0 0 0 1 1 1 1
1 0 1 0 0 0 0 1 1 1 1
0 1 1 0 0 0 0 1 1 1 1
0 0 0 1 0 0 0 1 1 1 1
0 1 0 1 0 0 0 1 1 1 1
0 0 1 1 0 0 0 1 1 1 1
1 0 1 1 0 0 0 1 1 1 1
0 1 1 1 0 0 0 1 1 1 1
0 0 0 0 1 0 0 1 1 1 1
0 1 0 0 1 0 0 1 1 1 1
0 0 1 0 1 0 0 1 1 1 1
1 0 1 0 1 0 0 1 1 1 1
0 1 1 0 1 0 0 1 1 1 1
0 0 0 1 1 0 0 1 1 1 1
0 1 0 1 1 0 0 1 1 1 1
0 0 1 1 1 0 0 1 1 1 1
1 0 1 1 1 0 0 1 1 1 1
0 1 1 1 1 0 0 1 1 1 1
0 0 0 0 0 1 0 1 1 1 1
0 1 0 0 0 1 0 1 1 1 1
0 0 1 0 0 1 0 1 1 1 1
1 0 1 0 0 1 0 1 1 1 1
0 1 1 0 0 1 0 1 1 1 1
0 0 0 1 0 1 0 1 1 1 1
0 1 0 1 0 1 0 1 1 1 1
0 0 1 1 0 1 0 1 1 1 1
1 0 1 1 0 1 0 1 1 1 1
0 1 1 1 0 1 0 1 1 1 1
0 0 0 0 1 1 0 1 1 1 1
0 1 0 0 1 1 0 1 1 1 1
0 0 1 0 1 1 0 1 1 1 1
1 0 1 0 1 1 0 1 1 1 1
0 1 1 0 1 1 0 1 1 1 1
0 0 0 1 1 1 0 1 1 1 1
0 1 0 1 1 1 0 1 1 1 1
0 0 1 1 1 1 0 1 1 1 1
1 0 1 1 1 1 0 1 1 1 1
0 1 1 1 1 1 0 1 1 1 1
0 0 0 0 0 0 1 1 1 1 1
0 1 0 0 0 0 1 1 1 1 1
0 0 1 0 0 0 1 1 1 1 1
1 0 1 0 0 0 1 1 1 1 1
0 1 1 0 0 0 1 1 1 1 1
0 0 0 1 0 0 1 1 1 1 1
0 1 0 1 0 0 1 1 1 1 1
0 0 1 1 0 0 1 1 1 1 1
1 0 1 1 0 0 1 1 1 1 1
0 1 1 1 0 0 1 1 1 1 1
0 0 0 0 1 0 1 1 1 1 1
0 1 0 0 1 0 1 1 1 1 1
0 0 1 0 1 0 1 1 1 1 1
1 0 1 0 1 0 1 1 1 1 1
0 1 1 0 1 0 1 1 1 1 1
0 0 0 1 1 0 1 1 1 1 1
0 1 0 1 1 0 1 1 1 1 1
0 0 1 1 1 0 1 1 1 1 1
1 0 1 1 1 0 1 1 1 1 1
0 1 1 1 1 0 1 1 1 1 1
0 0 0 0 0 1 1 1 1 1 1
0 1 0 0 0 1 1 1 1 1 1
0 0 1 0 0 1 1 1 1 1 1
1 0 1 0 0 1 1 1 1 1 1
0 1 1 0 0 1 1 1 1 1 1
0 0 0 1 0 1 1 1 1 1 1
0 1 0 1 0 1 1 1 1 1 1
0 0 1 1 0 1 1 1 1 1 1
1 0 1 1 0 1 1 1 1 1 1
0 1 1 1 0 1 1 1 1 1 1
0 0 0 0 1 1 1 1 1 1 1
0 1 0 0 1 1 1 1 1 1 1
0 0 1 0 1 1 1 1 1 1 1
1 0 1 0 1 1 1 1 1 1 1
0 1 1 0 1 1 1 1 1 1 1
0 0 0 1 1 1 1 1 1 1 1
0 1 0 1 1 1 1 1 1 1 1
0 0 1 1 1 1 1 1 1 1 1
1 0 1 1 1 1 1 1 1 1 1
0 1 1 1 1 1 1 1 1 1 1
0 0 0 0 0 0 0 0 0 0 0
0 1 0 0 0 0 0 0 0 0 0
0 0 1 0 0 0 0 0 0 0 0
0 1 1 0 0 0 0 0 0 0 0
0 0 0 1 0 0 0 0 0 0 0
0 1 0 1 0 0 0 0 0 0 0
0 0 1 1 0 0 0 0 0 0 0
1 0 1 1 0 0 0 0 0 0 0
0 1 1 1 0 0 0 0 0 0 0
0 0 0 0 1 0 0 0 0 0 0
0 1 0 0 1 0 0 0 0 0 0
0 0 1 0 1 0 0 0 0 0 0
1 0 1 0 1 0 0 0 0 0 0
0 1 1 0 1 0 0 0 0 0 0
0 0 0 1 1 0 0 0 0 0 0
0 1 0 1 1 0 0 0 0 0 0
0 0 1 1 1 0 0 0 0 0 0
1 0 1 1 1 0 0 0 0 0 0
0 1 1 1 1 0 0 0 0 0 0
0 0 0 0 0 1 0 0 0 0 0
0 1 0 0 0 1 0 0 0 0 0
0 0 1 0 0 1 0 0 0 0 0
1 0 1 0 0 1 0 0 0 0 0
0 1 1 0 0 1 0 0 0 0 0
0 0 0 1 0 1 0 0 0 0 0
0 1 0 1 0 1 0 0 0 0 0
0 0 1 1 0 1 0 0 0 0 0
1 0 1 1 0 1 0 0 0 0 0
0 1 1 1 0 1 0 0 0 0 0
0 0 0 0 1 1 0 0 0 0 0
0 1 0 0 1 1 0 0 0 0 0
0 0 1 0 1 1 0 0 0 0 0
1 0 1 0 1 1 0 0 0 0 0
0 1 1 0 1 1 0 0 0 0 0
0 0 0 1 1 1 0 0 0 0 0
0 1 0 1 1 1 0 0 0 0 0
0 0 1 1 1 1 0 0 0 0 0
1 0 1 1 1 1 0 0 0 0 0
0 1 1 1 1 1 0 0 0 0 0
0 0 0 0 0 0 1 0 0 0 0
0 1 0 0 0 0 1 0 0 0 0
0 0 1 0 0 0 1 0 0 0 0
1 0 1 0 0 0 1 0 0 0 0
0 1 1 0 0 0 1 0 0 0 0
0 0 0 1 0 0 1 0 0 0 0
0 1 0 1 0 0 1 0 0 0 0
0 0 1 1 0 0 1 0 0 0 0
1 0 1 1 0 0 1 0 0 0 0
0 1 1 1 0 0 1 0 0 0 0
0 0 0 0 1 0 1 0 0 0 0
0 1 0 0 1 0 1 0 0 0 0
0 0 1 0 1 0 1 0 0 0 0
1 0 1 0 1 0 1 0 0 0 0
0 1 1 0 1 0 1 0 0 0 0
0 0 0 1 1 0 1 0 0 0 0
0 1 0 1 1 0 1 0 0 0 0
0 0 1 1 1 0 1 0 0 0 0
1 0 1 1 1 0 1 0 0 0 0
0 1 1 1 1 0 1 0 0 0 0
0 0 0 0 0 1 1 0 0 0 0
0 1 0 0 0 1 1 0 0 0 0
0 0 1 0 0 1 1 0 0 0 0
1 0 1 0 0 1 1 0 0 0 0
0 1 1 0 0 1 1 0 0 0 0
0 0 0 1 0 1 1 0 0 0 0
0 1 0 1 0 1 1 0 0 0 0
0 0 1 1 0 1 1 0 0 0 0
1 0 1 1 0 1 1 0 0 0 0
0 1 1 1 0 1 1 0 0 0 0
0 0 0 0 1 1 1 0 0 0 0
0 1 0 0 1 1 1 0 0 0 0
0 0 1 0 1 1 1 0 0 0 0
1 0 1 0 1 1 1 0 0 0 0
0 1 1 0 1 1 1 0 0 0 0
0 0 0 1 1 1 1 0 0 0 0
0 1 0 1 1 1 1 0 0 0 0
0 0 1 1 1 1 1 0 0 0 0
1 0 1 1 1 1 1 0 0 0 0
0 1 1 1 1 1 1 0 0 0 0
0 0 0 0 0 0 0 1 0 0 0
0 1 0 0 0 0 0 1 0 0 0
0 0 1 0 0 0 0 1 0 0 0
1 0 1 0 0 0 0 1 0 0 0
0 1 1 0 0 0 0 1 0 0 0
0 0 0 1 0 0 0 1 0 0 0
0 1 0 1 0 0 0 1 0 0 0
0 0 1 1 0 0 0 1 0 0 0
1 0 1 1 0 0 0 1 0 0 0
0 1 1 1 0 0 0 1 0 0 0
0 0 0 0 1 0 0 1 0 0 0
0 1 0 0 1 0 0 1 0 0 0
0 0 1 0 1 0 0 1 0 0 0
1 0 1 0 1 0 0 1 0 0 0
0 1 1 0 1 0 0 1 0 0 0
0 0 0 1 1 0 0 1 0 0 0
0 1 0 1 1 0 0 1 0 0 0
0 0 1 1 1 0 0 1 0 0 0
1 0 1 1 1 0 0 1 0 0 0
0 1 1 1 1 0 0 1 0 0 0
0 0 0 0 0 1 0 1 0 0 0
0 1 0 0 0 1 0 1 0 0 0
0 0 1 0 0 1 0 1 0 0 0
1 0 1 0 0 1 0 1 0 0 0
0 1 1 0 0 1 0 1 0 0 0
0 0 0 1 0 1 0 1 0 0 0
0 1 0 1 0 1 0 1 0 0 0
0 0 1 1 0 1 0 1 0 0 0
1 0 1 1 0 1 0 1 0 0 0
0 1 1 1 0 1 0 1 0 0 0
0 0 0 0 1 1 0 1 0 0 0
0 1 0 0 1 1 0 1 0 0 0
0 0 1 0 1 1 0 1 0 0 0
1 0 1 0 1 1 0 1 0 0 0
0 1 1 0 1 1 0 1 0 0 0
0 0 0 1 1 1 0 1 0 0 0
0 1 0 1 1 1 0 1 0 0 0
0 0 1 1 1 1 0 1 0 0 0
1 0 1 1 1 1 0 1 0 0 0
0 1 1 1 1 1 0 1 0 0 0
0 0 0 0 0 0 1 1 0 0 0
0 1 0 0 0 0 1 1 0 0 0
0 0 1 0 0 0 1 1 0 0 0
1 0 1 0 0 0 1 1 0 0 0
0 1 1 0 0 0 1 1 0 0 0
0 0 0 1 0 0 1 1 0 0 0
0 1 0 1 0 0 1 1 0 0 0
0 0 1 1 0 0 1 1 0 0 0
1 0 1 1 0 0 1 1 0 0 0
0 1 1 1 0 0 1 1 0 0 0
0 0 0 0 1 0 1 1 0 0 0
0 1 0 0 1 0 1 1 0 0 0
0 0 1 0 1 0 1 1 0 0 0
1 0 1 0 1 0 1 1 0 0 0
0 1 1 0 1 0 1 1 0 0 0
0 0 0 1 1 0 1 1 0 0 0
0 1 0 1 1 0 1 1 0 0 0
0 0 1 1 1 0 1 1 0 0 0
1 0 1 1 1 0 1 1 0 0 0
0 1 1 1 1 0 1 1 0 0 0
0 0 0 0 0 1 1 1 0 0 0
0 1 0 0 0 1 1 1 0 0 0
0 0 1 0 0 1 1 1 0 0 0
1 0 1 0 0 1 1 1 0 0 0
0 1 1 0 0 1 1 1 0 0 0
0 0 0 1 0 1 1 1 0 0 0
0 1 0 1 0 1 1 1 0 0 0
0 0 1 1 0 1 1 1 0 0 0
1 0 1 1 0 1 1 1 0 0 0
0 1 1 1 0 1 1 1 0 0 0
0 0 0 0 1 1 1 1 0 0 0
0 1 0 0 1 1 1 1 0 0 0
0 0 1 0 1 1 1 1 0 0 0
1 0 1 0 1 1 1 1 0 0 0
0 1 1 0 1 1 1 1 0 0 0
0 0 0 1 1 1 1 1 0 0 0
0 1 0 1 1 1 1 1 0 0 0
0 0 1 1 1 1 1 1 0 0 0
1 0 1 1 1 1 1 1 0 0 0
0 1 1 1 1 1 1 1 0 0 0
0 0 0 0 0 0 0 0 1 0 0
0 1 0 0 0 0 0 0 1 0 0
0 0 1 0 0 0 0 0 1 0 0
1 0 1 0 0 0 0 0 1 0 0
0 1 1 0 0 0 0 0 1 0 0
0 0 0 1 0 0 0 0 1 0 0
0 1 0 1 0 0 0 0 1 0 0
0 0 1 1 0 0 0 0 1 0 0
1 0 1 1 0 0 0 0 1 0 0
0 1 1 1 0 0 0 0 1 0 0
0 0 0 0 1 0 0 0 1 0 0
0 1 0 0 1 0 0 0 1 0 0
0 0 1 0 1 0 0 0 1 0 0
1 0 1 0 1 0 0 0 1 0 0
0 1 1 0 1 0 0 0 1 0 0
0 0 0 1 1 0 0 0 1 0 0
0 1 0 1 1 0 0 0 1 0 0
0 0 1 1 1 0 0 0 1 0 0
1 0 1 1 1 0 0 0 1 0 0
0 1 1 1 1 0 0 0 1 0 0
0 0 0 0 0 1 0 0 1 0 0
0 1 0 0 0 1 0 0 1 0 0
0 0 1 0 0 1 0 0 1 0 0
1 0 1 0 0 1 0 0 1 0 0
0 1 1 0 0 1 0 0 1 0 0
0 0 0 1 0 1 0 0 1 0 0
0 1 0 1 0 1 0 0 1 0 0
0 0 1 1 0 1 0 0 1 0 0
1 0 1 1 0 1 0 0 1 0 0
0 1 1 1 0 1 0 0 1 0 0
0 0 0 0 1 1 0 0 1 0 0
0 1 0 0 1 1 0 0 1 0 0
0 0 1 0 1 1 0 0 1 0 0
1 0 1 0 1 1 0 0 1 0 0
0 1 1 0 1 1 0 0 1 0 0
0 0 0 1 1 1 0 0 1 0 0
0 1 0 1 1 1 0 0 1 0 0
0 0 1 1 1 1 0 0 1 0 0
1 0 1 1 1 1 0 0 1 0 0
0 1 1 1 1 1 0 0 1 0 0
0 0 0 0 0 0 1 0 1 0 0
0 1 0 0 0 0 1 0 1 0 0
0 0 1 0 0 0 1 0 1 0 0
1 0 1 0 0 0 1 0 1 0 0
0 1 1 0 0 0 1 0 1 0 0
0 0 0 1 0 0 1 0 1 0 0
0 1 0 1 0 0 1 0 1 0 0
0 0 1 1 0 0 1 0 1 0 0
1 0 1 1 0 0 1 0 1 0 0
0 1 1 1 0 0 1 0 1 0 0
0 0 0 0 1 0 1 0 1 0 0
0 1 0 0 1 0 1 0 1 0 0
0 0 1 0 1 0 1 0 1 0 0
1 0 1 0 1 0 1 0 1 0 0
0 1 1 0 1 0 1 0 1 0 0
0 0 0 1 1 0 1 0 1 0 0
0 1 0 1 1 0 1 0 1 0 0
0 0 1 1 1 0 1 0 1 0 0
1 0 1 1 1 0 1 0 1 0 0
0 1 1 1 1 0 1 0 1 0 0
0 0 0 0 0 1 1 0 1 0 0
0 1 0 0 0 1 1 0 1 0 0
0 0 1 0 0 1 1 0 1 0 0
1 0 1 0 0 1 1 0 1 0 0
0 1 1 0 0 1 1 0 1 0 0
0 0 0 1 0 1 1 0 1 0 0
0 1 0 1 0 1 1 0 1 0 0
0 0 1 1 0 1 1 0 1 0 0
1 0 1 1 0 1 1 0 1 0 0
0 1 1 1 0 1 1 0 1 0 0
0 0 0 0 1 1 1 0 1 0 0
0 1 0 0 1 1 1 0 1 0 0
0 0 1 0 1 1 1 0 1 0 0
1 0 1 0 1 1 1 0 1 0 0
0 1 1 0 1 1 1 0 1 0 0
0 0 0 1 1 1 1 0 1 0 0
0 1 0 1 1 1 1 0 1 0 0
0 0 1 1 1 1 1 0 1 0 0
1 0 1 1 1 1 1 0 1 0 0
0 1 1 1 1 1 1 0 1 0 0
0 0 0 0 0 0 0 1 1 0 0
0 1 0 0 0 0 0 1 1 0 0
0 0 1 0 0 0 0 1 1 0 0
1 0 1 0 0 0 0 1 1 0 0
0 1 1 0 0 0 0 1 1 0 0
0 0 0 1 0 0 0 1 1 0 0
0 1 0 1 0 0 0 1 1 0 0
0 0 1 1 0 0 0 1 1 0 0
1 0 1 1 0 0 0 1 1 0 0
0 1 1 1 0 0 0 1 1 0 0
0 0 0 0 1 0 0 1 1 0 0
0 1 0 0 1 0 0 1 1 0 0
0 0 1 0 1 0 0 1 1 0 0
1 0 1 0 1 0 0 1 1 0 0
0 1 1 0 1 0 0 1 1 0 0
0 0 0 1 1 0 0 1 1 0 0
0 1 0 1 1 0 0 1 1 0 0
0 0 1 1 1 0 0 1 1 0 0
1 0 1 1 1 0 0 1 1 0 0
0 1 1 1 1 0 0 1 1 0 0
0 0 0 0 0 1 0 1 1 0 0
0 1 0 0 0 1 0 1 1 0 0
0 0 1 0 0 1 0 1 1 0 0
1 0 1 0 0 1 0 1 1 0 0
0 1 1 0 0 1 0 1 1 0 0
0 0 0 1 0 1 0 1 1 0 0
0 1 0 1 0 1 0 1 1 0 0
0 0 1 1 0 1 0 1 1 0 0
1 0 1 1 0 1 0 1 1 0 0
0 1 1 1 0 1 0 1 1 0 0
0 0 0 0 1 1 0 1 1 0 0
0 1 0 0 1 1 0 1 1 0 0
0 0 1 0 1 1 0 1 1 0 0
1 0 1 0 1 1 0 1 1 0 0
0 1 1 0 1 1 0 1 1 0 0
0 0 0 1 1 1 0 1 1 0 0
0 1 0 1 1 1 0 1 1 0 0
0 0 1 1 1 1 0 1 1 0 0
1 0 1 1 1 1 0 1 1 0 0
0 1 1 1 1 1 0 1 1 0 0
0 0 0 0 0 0 1 1 1 0 0
0 1 0 0 0 0 1 1 1 0 0
0 0 1 0 0 0 1 1 1 0 0
1 0 1 0 0 0 1 1 1 0 0
0 1 1 0 0 0 1 1 1 0 0
0 0 0 1 0 0 1 1 1 0 0
0 1 0 1 0 0 1 1 1 0 0
0 0 1 1 0 0 1 1 1 0 0
1 0 1 1 0 0 1 1 1 0 0
0 1 1 1 0 0 1 1 1 0 0
0 0 0 0 1 0 1 1 1 0 0
0 1 0 0 1 0 1 1 1 0 0
0 0 1 0 1 0 1 1 1 0 0
1 0 1 0 1 0 1 1 1 0 0
0 1 1 0 1 0 1 1 1 0 0
0 0 0 1 1 0 1 1 1 0 0
0 1 0 1 1 0 1 1 1 0 0
0 0 1 1 1 0 1 1 1 0 0
1 0 1 1 1 0 1 1 1 0 0
0 1 1 1 1 0 1 1 1 0 0
0 0 0 0 0 1 1 1 1 0 0
0 1 0 0 0 1 1 1 1 0 0
0 0 1 0 0 1 1 1 1 0 0
1 0 1 0 0 1 1 1 1 0 0
0 1 1 0 0 1 1 1 1 0 0
0 0 0 1 0 1 1 1 1 0 0
0 1 0 1 0 1 1 1 1 0 0
0 0 1 1 0 1 1 1 1 0 0
1 0 1 1 0 1 1 1 1 0 0
0 1 1 1 0 1 1 1 1 0 0
0 0 0 0 1 1 1 1 1 0 0
0 1 0 0 1 1 1 1 1 0 0
0 0 1 0 1 1 1 1 1 0 0
1 0 1 0 1 1 1 1 1 0 0
0 1 1 0 1 1 1 1 1 0 0
0 0 0 1 1 1 1 1 1 0 0
0 1 0 1 1 1 1 1 1 0 0
0 0 1 1 1 1 1 1 1 0 0
1 0 1 1 1 1 1 1 1 0 0
0 1 1 1 1 1 1 1 1 0 0
0 0 0 0 0 0 0 0 0 1 0
0 1 0 0 0 0 0 0 0 1 0
0 0 1 0 0 0 0 0 0 1 0
1 0 1 0 0 0 0 0 0 1 0
0 1 1 0 0 0 0 0 0 1 0
0 0 0 1 0 0 0 0 0 1 0
0 1 0 1 0 0 0 0 0 1 0
0 0 1 1 0 0 0 0 0 1 0
1 0 1 1 0 0 0 0 0 1 0
0 1 1 1 0 0 0 0 0 1 0
0 0 0 0 1 0 0 0 0 1 0
0 1 0 0 1 0 0 0 0 1 0
0 0 1 0 1 0 0 0 0 1 0
1 0 1 0 1 0 0 0 0 1 0
0 1 1 0 1 0 0 0 0 1 0
0 0 0 1 1 0 0 0 0 1 0
0 1 0 1 1 0 0 0 0 1 0
0 0 1 1 1 0 0 0 0 1 0
1 0 1 1 1 0 0 0 0 1 0
0 1 1 1 1 0 0 0 0 1 0
0 0 0 0 0 1 0 0 0 1 0
0 1 0 0 0 1 0 0 0 1 0
0 0 1 0 0 1 0 0 0 1 0
1 0 1 0 0 1 0 0 0 1 0
0 1 1 0 0 1 0 0 0 1 0
0 0 0 1 0 1 0 0 0 1 0
0 1 0 1 0 1 0 0 0 1 0
0 0 1 1 0 1 0 0 0 1 0
1 0 1 1 0 1 0 0 0 1 0
0 1 1 1 0 1 0 0 0 1 0
0 0 0 0 1 1 0 0 0 1 0
0 1 0 0 1 1 0 0 0 1 0
0 0 1 0 1 1 0 0 0 1 0
1 0 1 0 1 1 0 0 0 1 0
0 1 1 0 1 1 0 0 0 1 0
0 0 0 1 1 1 0 0 0 1 0
0 1 0 1 1 1 0 0 0 1 0
0 0 1 1 1 1 0 0 0 1 0
1 0 1 1 1 1 0 0 0 1 0
0 1 1 1 1 1 0 0 0 1 0
0 0 0 0 0 0 1 0 0 1 0
0 1 0 0 0 0 1 0 0 1 0
0 0 1 0 0 0 1 0 0 1 0
1 0 1 0 0 0 1 0 0 1 0
0 1 1 0 0 0 1 0 0 1 0
0 0 0 1 0 0 1 0 0 1 0
0 1 0 1 0 0 1 0 0 1 0
0 0 1 1 0 0 1 0 0 1 0
1 0 1 1 0 0 1 0 0 1 0
0 1 1 1 0 0 1 0 0 1 0
0 0 0 0 1 0 1 0 0 1 0
0 1 0 0 1 0 1 0 0 1 0
0 0 1 0 1 0 1 0 0 1 0
1 0 1 0 1 0 1 0 0 1 0
0 1 1 0 1 0 1 0 0 1 0
0 0 0 1 1 0 1 0 0 1 0
0 1 0 1 1 0 1 0 0 1 0
0 0 1 1 1 0 1 0 0 1 0
1 0 1 1 1 0 1 0 0 1 0
0 1 1 1 1 0 1 0 0 1 0
0 0 0 0 0 1 1 0 0 1 0
0 1 0 0 0 1 1 0 0 1 0
0 0 1 0 0 1 1 0 0 1 0
1 0 1 0 0 1 1 0 0 1 0
0 1 1 0 0 1 1 0 0 1 0
0 0 0 1 0 1 1 0 0 1 0
0 1 0 1 0 1 1 0 0 1 0
0 0 1 1 0 1 1 0 0 1 0
1 0 1 1 0 1 1 0 0 1 0
0 1 1 1 0 1 1 0 0 1 0
0 0 0 0 1 1 1 0 0 1 0
0 1 0 0 1 1 1 0 0 1 0
0 0 1 0 1 1 1 0 0 1 0
1 0 1 0 1 1 1 0 0 1 0
0 1 1 0 1 1 1 0 0 1 0
0 0 0 1 1 1 1 0 0 1 0
0 1 0 1 1 1 1 0 0 1 0
0 0 1 1 1 1 1 0 0 1 0
1 0 1 1 1 1 1 0 0 1 0
0 1 1 1 1 1 1 0 0 1 0
0 0 0 0 0 0 0 1 0 1 0
0 1 0 0 0 0 0 1 0 1 0
0 0 1 0 0 0 0 1 0 1 0
1 0 1 0 0 0 0 1 0 1 0
0 1 1 0 0 0 0 1 0 1 0
0 0 0 1 0 0 0 1 0 1 0
0 1 0 1 0 0 0 1 0 1 0
0 0 1 1 0 0 0 1 0 1 0
1 0 1 1 0 0 0 1 0 1 0
0 1 1 1 0 0 0 1 0 1 0
0 0 0 0 1 0 0 1 0 1 0
0 1 0 0 1 0 0 1 0 1 0
0 0 1 0 1 0 0 1 0 1 0
1 0 1 0 1 0 0 1 0 1 0
0 1 1 0 1 0 0 1 0 1 0
0 0 0 1 1 0 0 1 0 1 0
0 1 0 1 1 0 0 1 0 1 0
0 0 1 1 1 0 0 1 0 1 0
1 0 1 1 1 0 0 1 0 1 0
0 1 1 1 1 0 0 1 0 1 0
0 0 0 0 0 1 0 1 0 1 0
0 1 0 0 0 1 0 1 0 1 0
0 0 1 0 0 1 0 1 0 1 0
1 0 1 0 0 1 0 1 0 1 0
0 1 1 0 0 1 0 1 0 1 0
0 0 0 1 0 1 0 1 0 1 0
0 1 0 1 0 1 0 1 0 1 0
0 0 1 1 0 1 0 1 0 1 0
1 0 1 1 0 1 0 1 0 1 0
0 1 1 1 0 1 0 1 0 1 0
0 0 0 0 1 1 0 1 0 1 0
0 1 0 0 1 1 0 1 0 1 0
0 0 1 0 1 1 0 1 0 1 0
1 0 1 0 1 1 0 1 0 1 0
0 1 1 0 1 1 0 1 0 1 0
0 0 0 1 1 1 0 1 0 1 0
0 1 0 1 1 1 0 1 0 1 0
0 0 1 1 1 1 0 1 0 1 0
1 0 1 1 1 1 0 1 0 1 0
0 1 1 1 1 1 0 1 0 1 0
0 0 0 0 0 0 1 1 0 1 0
0 1 0 0 0 0 1 1 0 1 0
0 0 1 0 0 0 1 1 0 1 0
1 0 1 0 0 0 1 1 0 1 0
0 1 1 0 0 0 1 1 0 1 0
0 0 0 1 0 0 1 1 0 1 0
0 1 0 1 0 0 1 1 0 1 0
0 0 1 1 0 0 1 1 0 1 0
1 0 1 1 0 0 1 1 0 1 0
0 1 1 1 0 0 1 1 0 1 0
0 0 0 0 1 0 1 1 0 1 0
0 1 0 0 1 0 1 1 0 1 0
0 0 1 0 1 0 1 1 0 1 0
1 0 1 0 1 0 1 1 0 1 0
0 1 1 0 1 0 1 1 0 1 0
0 0 0 1 1 0 1 1 0 1 0
0 1 0 1 1 0 1 1 0 1 0
0 0 1 1 1 0 1 1 0 1 0
1 0 1 1 1 0 1 1 0 1 0
0 1 1 1 1 0 1 1 0 1 0
0 0 0 0 0 1 1 1 0 1 0
0 1 0 0 0 1 1 1 0 1 0
0 0 1 0 0 1 1 1 0 1 0
1 0 1 0 0 1 1 1 0 1 0
0 1 1 0 0 1 1 1 0 1 0
0 0 0 1 0 1 1 1 0 1 0
0 1 0 1 0 1 1 1 0 1 0
0 0 1 1 0 1 1 1 0 1 0
1 0 1 1 0 1 1 1 0 1 0
0 1 1 1 0 1 1 1 0 1 0
0 0 0 0 1 1 1 1 0 1 0
0 1 0 0 1 1 1 1 0 1 0
0 0 1 0 1 1 1 1 0 1 0
1 0 1 0 1 1 1 1 0 1 0
0 1 1 0 1 1 1 1 0 1 0
0 0 0 1 1 1 1 1 0 1 0
0 1 0 1 1 1 1 1 0 1 0
0 0 1 1 1 1 1 1 0 1 0
1 0 1 1 1 1 1 1 0 1 0
0 1 1 1 1 1 1 1 0 1 0
0 0 0 0 0 0 0 0 1 1 0
0 1 0 0 0 0 0 0 1 1 0
0 0 1 0 0 0 0 0 1 1 0
1 0 1 0 0 0 0 0 1 1 0
0 1 1 0 0 0 0 0 1 1 0
0 0 0 1 0 0 0 0 1 1 0
0 1 0 1 0 0 0 0 1 1 0
0 0 1 1 0 0 0 0 1 1 0
1 0 1 1 0 0 0 0 1 1 0
0 1 1 1 0 0 0 0 1 1 0
0 0 0 0 1 0 0 0 1 1 0
0 1 0 0 1 0 0 0 1 1 0
0 0 1 0 1 0 0 0 1 1 0
1 0 1 0 1 0 0 0 1 1 0
0 1 1 0 1 0 0 0 1 1 0
0 0 0 1 1 0 0 0 1 1 0
0 1 0 1 1 0 0 0 1 1 0
0 0 1 1 1 0 0 0 1 1 0
1 0 1 1 1 0 0 0 1 1 0
0 1 1 1 1 0 0 0 1 1 0
0 0 0 0 0 1 0 0 1 1 0
0 1 0 0 0 1 0 0 1 1 0
0 0 1 0 0 1 0 0 1 1 0
1 0 1 0 0 1 0 0 1 1 0
0 1 1 0 0 1 0 0 1 1 0
0 0 0 1 0 1 0 0 1 1 0
0 1 0 1 0 1 0 0 1 1 0
0 0 1 1 0 1 0 0 1 1 0
1 0 1 1 0 1 0 0 1 1 0
0 1 1 1 0 1 0 0 1 1 0
0 0 0 0 1 1 0 0 1 1 0
0 1 0 0 1 1 0 0 1 1 0
0 0 1 0 1 1 0 0 1 1 0
1 0 1 0 1 1 0 0 1 1 0
0 1 1 0 1 1 0 0 1 1 0
0 0 0 1 1 1 0 0 1 1 0
0 1 0 1 1 1 0 0 1 1 0
0 0 1 1 1 1 0 0 1 1 0
1 0 1 1 1 1 0 0 1 1 0
0 1 1 1 1 1 0 0 1 1 0
0 0 0 0 0 0 1 0 1 1 0
0 1 0 0 0 0 1 0 1 1 0
0 0 1 0 0 0 1 0 1 1 0
1 0 1 0 0 0 1 0 1 1 0
0 1 1 0 0 0 1 0 1 1 0
0 0 0 1 0 0 1 0 1 1 0
0 1 0 1 0 0 1 0 1 1 0
0 0 1 1 0 0 1 0 1 1 0
1 0 1 1 0 0 1 0 1 1 0
0 1 1 1 0 0 1 0 1 1 0
0 0 0 0 1 0 1 0 1 1 0
0 1 0 0 1 0 1 0 1 1 0
0 0 1 0 1 0 1 0 1 1 0
1 0 1 0 1 0 1 0 1 1 0
0 1 1 0 1 0 1 0 1 1 0
0 0 0 1 1 0 1 0 1 1 0
0 1 0 1 1 0 1 0 1 1 0
0 0 1 1 1 0 1 0 1 1 0
1 0 1 1 1 0 1 0 1 1 0
0 1 1 1 1 0 1 0 1 1 0
0 0 0 0 0 1 1 0 1 1 0
0 1 0 0 0 1 1 0 1 1 0
0 0 1 0 0 1 1 0 1 1 0
1 0 1 0 0 1 1 0 1 1 0
0 1 1 0 0 1 1 0 1 1 0
0 0 0 1 0 1 1 0 1 1 0
0 1 0 1 0 1 1 0 1 1 0
0 0 1 1 0 1 1 0 1 1 0
1 0 1 1 0 1 1 0 1 1 0
0 1 1 1 0 1 1 0 1 1 0
0 0 0 0 1 1 1 0 1 1 0
0 1 0 0 1 1 1 0 1 1 0
0 0 1 0 1 1 1 0 1 1 0
1 0 1 0 1 1 1 0 1 1 0
0 1 1 0 1 1 1 0 1 1 0
0 0 0 1 1 1 1 0 1 1 0
0 1 0 1 1 1 1 0 1 1 0
0 0 1 1 1 1 1 0 1 1 0
1 0 1 1 1 1 1 0 1 1 0
0 1 1 1 1 1 1 0 1 1 0
0 0 0 0 0 0 0 1 1 1 0
0 1 0 0 0 0 0 1 1 1 0
0 0 1 0 0 0 0 1 1 1 0
1 0 1 0 0 0 0 1 1 1 0
0 1 1 0 0 0 0 1 1 1 0
0 0 0 1 0 0 0 1 1 1 0
0 1 0 1 0 0 0 1 1 1 0
0 0 1 1 0 0 0 1 1 1 0
1 0 1 1 0 0 0 1 1 1 0
0 1 1 1 0 0 0 1 1 1 0
0 0 0 0 1 0 0 1 1 1 0
0 1 0 0 1 0 0 1 1 1 0
0 0 1 0 1 0 0 1 1 1 0
1 0 1 0 1 0 0 1 1 1 0
0 1 1 0 1 0 0 1 1 1 0
0 0 0 1 1 0 0 1 1 1 0
0 1 0 1 1 0 0 1 1 1 0
0 0 1 1 1 0 0 1 1 1 0
1 0 1 1 1 0 0 1 1 1 0
0 1 1 1 1 0 0 1 1 1 0
0 0 0 0 0 1 0 1 1 1 0
0 1 0 0 0 1 0 1 1 1 0
0 0 1 0 0 1 0 1 1 1 0
1 0 1 0 0 1 0 1 1 1 0
0 1 1 0 0 1 0 1 1 1 0
0 0 0 1 0 1 0 1 1 1 0
0 1 0 1 0 1 0 1 1 1 0
0 0 1 1 0 1 0 1 1 1 0
1 0 1 1 0 1 0 1 1 1 0
0 1 1 1 0 1 0 1 1 1 0
0 0 0 0 1 1 0 1 1 1 0
0 1 0 0 1 1 0 1 1 1 0
0 0 1 0 1 1 0 1 1 1 0
1 0 1 0 1 1 0 1 1 1 0
0 1 1 0 1 1 0 1 1 1 0
0 0 0 1 1 1 0 1 1 1 0
0 1 0 1 1 1 0 1 1 1 0
0 0 1 1 1 1 0 1 1 1 0
1 0 1 1 1 1 0 1 1 1 0
0 1 1 1 1 1 0 1 1 1 0
0 0 0 0 0 0 1 1 1 1 0
0 1 0 0 0 0 1 1 1 1 0
0 0 1 0 0 0 1 1 1 1 0
1 0 1 0 0 0 1 1 1 1 0
0 1 1 0 0 0 1 1 1 1 0
0 0 0 1 0 0 1 1 1 1 0
0 1 0 1 0 0 1 1 1 1 0
0 0 1 1 0 0 1 1 1 1 0
1 0 1 1 0 0 1 1 1 1 0
0 1 1 1 0 0 1 1 1 1 0
0 0 0 0 1 0 1 1 1 1 0
0 1 0 0 1 0 1 1 1 1 0
0 0 1 0 1 0 1 1 1 1 0
1 0 1 0 1 0 1 1 1 1 0
0 1 1 0 1 0 1 1 1 1 0
0 0 0 1 1 0 1 1 1 1 0
0 1 0 1 1 0 1 1 1 1 0
0 0 1 1 1 0 1 1 1 1 0
1 0 1 1 1 0 1 1 1 1 0
0 1 1 1 1 0 1 1 1 1 0
0 0 0 0 0 1 1 1 1 1 0
0 1 0 0 0 1 1 1 1 1 0
0 0 1 0 0 1 1 1 1 1 0
1 0 1 0 0 1 1 1 1 1 0
0 1 1 0 0 1 1 1 1 1 0
0 0 0 1 0 1 1 1 1 1 0
0 1 0 1 0 1 1 1 1 1 0
0 0 1 1 0 1 1 1 1 1 0
1 0 1 1 0 1 1 1 1 1 0
0 1 1 1 0 1 1 1 1 1 0
0 0 0 0 1 1 1 1 1 1 0
0 1 0 0 1 1 1 1 1 1 0
0 0 1 0 1 1 1 1 1 1 0
1 0 1 0 1 1 1 1 1 1 0
0 1 1 0 1 1 1 1 1 1 0
0 0 0 1 1 1 1 1 1 1 0
0 1 0 1 1 1 1 1 1 1 0
0 0 1 1 1 1 1 1 1 1 0
1 0 1 1 1 1 1 1 1 1 0
0 1 1 1 1 1 1 1 1 1 0
0 0 0 0 0 0 0 0 0 0 1
0 1 0 0 0 0 0 0 0 0 1
0 0 1 0 0 0 0 0 0 0 1
1 0 1 0 0 0 0 0 0 0 1
0 1 1 0 0 0 0 0 0 0 1
0 0 0 1 0 0 0 0 0 0 1
0 1 0 1 0 0 0 0 0 0 1
0 0 1 1 0 0 0 0 0 0 1
1 0 1 1 0 0 0 0 0 0 1
0 1 1 1 0 0 0 0 0 0 1
0 0 0 0 1 0 0 0 0 0 1
0 1 0 0 1 0 0 0 0 0 1
0 0 1 0 1 0 0 0 0 0 1
1 0 1 0 1 0 0 0 0 0 1
0 1 1 0 1 0 0 0 0 0 1
0 0 0 1 1 0 0 0 0 0 1
0 1 0 1 1 0 0 0 0 0 1
0 0 1 1 1 0 0 0 0 0 1
1 0 1 1 1 0 0 0 0 0 1
0 1 1 1 1 0 0 0 0 0 1
0 0 0 0 0 1 0 0 0 0 1
0 1 0 0 0 1 0 0 0 0 1
0 0 1 0 0 1 0 0 0 0 1
1 0 1 0 0 1 0 0 0 0 1
0 1 1 0 0 1 0 0 0 0 1
0 0 0 1 0 1 0 0 0 0 1
0 1 0 1 0 1 0 0 0 0 1
0 0 1 1 0 1 0 0 0 0 1
1 0 1 1 0 1 0 0 0 0 1
0 1 1 1 0 1 0 0 0 0 1
0 0 0 0 1 1 0 0 0 0 1
0 1 0 0 1 1 0 0 0 0 1
0 0 1 0 1 1 0 0 0 0 1
1 0 1 0 1 1 0 0 0 0 1
0 1 1 0 1 1 0 0 0 0 1
0 0 0 1 1 1 0 0 0 0 1
0 1 0 1 1 1 0 0 0 0 1
0 0 1 1 1 1 0 0 0 0 1
1 0 1 1 1 1 0 0 0 0 1
0 1 1 1 1 1 0 0 0 0 1
0 0 0 0 0 0 1 0 0 0 1
0 1 0 0 0 0 1 0 0 0 1
0 0 1 0 0 0 1 0 0 0 1
1 0 1 0 0 0 1 0 0 0 1
0 1 1 0 0 0 1 0 0 0 1
0 0 0 1 0 0 1 0 0 0 1
0 1 0 1 0 0 1 0 0 0 1
0 0 1 1 0 0 1 0 0 0 1
1 0 1 1 0 0 1 0 0 0 1
0 1 1 1 0 0 1 0 0 0 1
0 0 0 0 1 0 1 0 0 0 1
0 1 0 0 1 0 1 0 0 0 1
0 0 1 0 1 0 1 0 0 0 1
1 0 1 0 1 0 1 0 0 0 1
0 1 1 0 1 0 1 0 0 0 1
0 0 0 1 1 0 1 0 0 0 1
0 1 0 1 1 0 1 0 0 0 1
0 0 1 1 1 0 1 0 0 0 1
1 0 1 1 1 0 1 0 0 0 1
0 1 1 1 1 0 1 0 0 0 1
0 0 0 0 0 1 1 0 0 0 1
0 1 0 0 0 1 1 0 0 0 1
0 0 1 0 0 1 1 0 0 0 1
1 0 1 0 0 1 1 0 0 0 1
0 1 1 0 0 1 1 0 0 0 1
0 0 0 1 0 1 1 0 0 0 1
0 1 0 1 0 1 1 0 0 0 1
0 0 1 1 0 1 1 0 0 0 1
1 0 1 1 0 1 1 0 0 0 1
0 1 1 1 0 1 1 0 0 0 1
0 0 0 0 1 1 1 0 0 0 1
0 1 0 0 1 1 1 0 0 0 1
0 0 1 0 1 1 1 0 0 0 1
1 0 1 0 1 1 1 0 0 0 1
0 1 1 0 1 1 1 0 0 0 1
0 0 0 1 1 1 1 0 0 0 1
0 1 0 1 1 1 1 0 0 0 1
0 0 1 1 1 1 1 0 0 0 1
1 0 1 1 1 1 1 0 0 0 1
0 1 1 1 1 1 1 0 0 0 1
0 0 0 0 0 0 0 1 0 0 1
0 1 0 0 0 0 0 1 0 0 1
0 0 1 0 0 0 0 1 0 0 1
1 0 1 0 0 0 0 1 0 0 1
0 1 1 0 0 0 0 1 0 0 1
0 0 0 1 0 0 0 1 0 0 1
0 1 0 1 0 0 0 1 0 0 1
0 0 1 1 0 0 0 1 0 0 1
1 0 1 1 0 0 0 1 0 0 1
0 1 1 1 0 0 0 1 0 0 1
0 0 0 0 1 0 0 1 0 0 1
0 1 0 0 1 0 0 1 0 0 1
0 0 1 0 1 0 0 1 0 0 1
1 0 1 0 1 0 0 1 0 0 1
0 1 1 0 1 0 0 1 0 0 1
0 0 0 1 1 0 0 1 0 0 1
0 1 0 1 1 0 0 1 0 0 1
0 0 1 1 1 0 0 1 0 0 1
1 0 1 1 1 0 0 1 0 0 1
0 1 1 1 1 0 0 1 0 0 1
0 0 0 0 0 1 0 1 0 0 1
0 1 0 0 0 1 0 1 0 0 1
0 0 1 0 0 1 0 1 0 0 1
1 0 1 0 0 1 0 1 0 0 1
0 1 1 0 0 1 0 1 0 0 1
0 0 0 1 0 1 0 1 0 0 1
0 1 0 1 0 1 0 1 0 0 1
0 0 1 1 0 1 0 1 0 0 1
1 0 1 1 0 1 0 1 0 0 1
0 1 1 1 0 1 0 1 0 0 1
0 0 0 0 1 1 0 1 0 0 1
0 1 0 0 1 1 0 1 0 0 1
0 0 1 0 1 1 0 1 0 0 1
1 0 1 0 1 1 0 1 0 0 1
0 1 1 0 1 1 0 1 0 0 1
0 0 0 1 1 1 0 1 0 0 1
0 1 0 1 1 1 0 1 0 0 1
0 0 1 1 1 1 0 1 0 0 1
1 0 1 1 1 1 0 1 0 0 1
0 1 1 1 1 1 0 1 0 0 1
0 0 0 0 0 0 1 1 0 0 1
0 1 0 0 0 0 1 1 0 0 1
0 0 1 0 0 0 1 1 0 0 1
1 0 1 0 0 0 1 1 0 0 1
0 1 1 0 0 0 1 1 0 0 1
0 0 0 1 0 0 1 1 0 0 1
0 1 0 1 0 0 1 1 0 0 1
0 0 1 1 0 0 1 1 0 0 1
1 0 1 1 0 0 1 1 0 0 1
0 1 1 1 0 0 1 1 0 0 1
0 0 0 0 1 0 1 1 0 0 1
0 1 0 0 1 0 1 1 0 0 1
0 0 1 0 1 0 1 1 0 0 1
1 0 1 0 1 0 1 1 0 0 1
0 1 1 0 1 0 1 1 0 0 1
0 0 0 1 1 0 1 1 0 0 1
0 1 0 1 1 0 1 1 0 0 1
0 0 1 1 1 0 1 1 0 0 1
1 0 1 1 1 0 1 1 0 0 1
0 1 1 1 1 0 1 1 0 0 1
0 0 0 0 0 1 1 1 0 0 1
0 1 0 0 0 1 1 1 0 0 1
0 0 1 0 0 1 1 1 0 0 1
1 0 1 0 0 1 1 1 0 0 1
0 1 1 0 0 1 1 1 0 0 1
0 0 0 1 0 1 1 1 0 0 1
0 1 0 1 0 1 1 1 0 0 1
0 0 1 1 0 1 1 1 0 0 1
1 0 1 1 0 1 1 1 0 0 1
0 1 1 1 0 1 1 1 0 0 1
0 0 0 0 1 1 1 1 0 0 1
0 1 0 0 1 1 1 1 0 0 1
0 0 1 0 1 1 1 1 0 0 1
1 0 1 0 1 1 1 1 0 0 1
0 1 1 0 1 1 1 1 0 0 1
0 0 0 1 1 1 1 1 0 0 1
0 1 0 1 1 1 1 1 0 0 1
0 0 1 1 1 1 1 1 0 0 1
1 0 1 1 1 1 1 1 0 0 1
0 1 1 1 1 1 1 1 0 0 1
0 0 0 0 0 0 0 0 1 0 1
0 1 0 0 0 0 0 0 1 0 1
0 0 1 0 0 0 0 0 1 0 1
1 0 1 0 0 0 0 0 1 0 1
0 1 1 0 0 0 0 0 1 0 1
0 0 0 1 0 0 0 0 1 0 1
0 1 0 1 0 0 0 0 1 0 1
0 0 1 1 0 0 0 0 1 0 1
1 0 1 1 0 0 0 0 1 0 1
0 1 1 1 0 0 0 0 1 0 1
0 0 0 0 1 0 0 0 1 0 1
0 1 0 0 1 0 0 0 1 0 1
0 0 1 0 1 0 0 0 1 0 1
1 0 1 0 1 0 0 0 1 0 1
0 1 1 0 1 0 0 0 1 0 1
0 0 0 1 1 0 0 0 1 0 1
0 1 0 1 1 0 0 0 1 0 1
0 0 1 1 1 0 0 0 1 0 1
1 0 1 1 1 0 0 0 1 0 1
0 1 1 1 1 0 0 0 1 0 1
0 0 0 0 0 1 0 0 1 0 1
0 1 0 0 0 1 0 0 1 0 1
0 0 1 0 0 1 0 0 1 0 1
1 0 1 0 0 1 0 0 1 0 1
0 1 1 0 0 1 0 0 1 0 1
0 0 0 1 0 1 0 0 1 0 1
0 1 0 1 0 1 0 0 1 0 1
0 0 1 1 0 1 0 0 1 0 1
1 0 1 1 0 1 0 0 1 0 1
0 1 1 1 0 1 0 0 1 0 1
0 0 0 0 1 1 0 0 1 0 1
0 1 0 0 1 1 0 0 1 0 1
0 0 1 0 1 1 0 0 1 0 1
1 0 1 0 1 1 0 0 1 0 1
0 1 1 0 1 1 0 0 1 0 1
0 0 0 1 1 1 0 0 1 0 1
0 1 0 1 1 1 0 0 1 0 1
0 0 1 1 1 1 0 0 1 0 1
1 0 1 1 1 1 0 0 1 0 1
0 1 1 1 1 1 0 0 1 0 1
0 0 0 0 0 0 1 0 1 0 1
0 1 0 0 0 0 1 0 1 0 1
0 0 1 0 0 0 1 0 1 0 1
1 0 1 0 0 0 1 0 1 0 1
0 1 1 0 0 0 1 0 1 0 1
0 0 0 1 0 0 1 0 1 0 1
0 1 0 1 0 0 1 0 1 0 1
0 0 1 1 0 0 1 0 1 0 1
1 0 1 1 0 0 1 0 1 0 1
0 1 1 1 0 0 1 0 1 0 1
0 0 0 0 1 0 1 0 1 0 1
0 1 0 0 1 0 1 0 1 0 1
0 0 1 0 1 0 1 0 1 0 1
1 0 1 0 1 0 1 0 1 0 1
0 1 1 0 1 0 1 0 1 0 1
0 0 0 1 1 0 1 0 1 0 1
0 1 0 1 1 0 1 0 1 0 1
0 0 1 1 1 0 1 0 1 0 1
1 0 1 1 1 0 1 0 1 0 1
0 1 1 1 1 0 1 0 1 0 1
0 0 0 0 0 1 1 0 1 0 1
0 1 0 0 0 1 1 0 1 0 1
0 0 1 0 0 1 1 0 1 0 1
1 0 1 0 0 1 1 0 1 0 1
0 1 1 0 0 1 1 0 1 0 1
0 0 0 1 0 1 1 0 1 0 1
0 1 0 1 0 1 1 0 1 0 1
0 0 1 1 0 1 1 0 1 0 1
1 0 1 1 0 1 1 0 1 0 1
0 1 1 1 0 1 1 0 1 0 1
0 0 0 0 1 1 1 0 1 0 1
0 1 0 0 1 1 1 0 1 0 1
0 0 1 0 1 1 1 0 1 0 1
1 0 1 0 1 1 1 0 1 0 1
0 1 1 0 1 1 1 0 1 0 1
0 0 0 1 1 1 1 0 1 0 1
0 1 0 1 1 1 1 0 1 0 1
0 0 1 1 1 1 1 0 1 0 1
1 0 1 1 1 1 1 0 1 0 1
0 1 1 1 1 1 1 0 1 0 1
0 0 0 0 0 0 0 1 1 0 1
0 1 0 0 0 0 0 1 1 0 1
0 0 1 0 0 0 0 1 1 0 1
1 0 1 0 0 0 0 1 1 0 1
0 1 1 0 0 0 0 1 1 0 1
0 0 0 1 0 0 0 1 1 0 1
0 1 0 1 0 0 0 1 1 0 1
0 0 1 1 0 0 0 1 1 0 1
1 0 1 1 0 0 0 1 1 0 1
0 1 1 1 0 0 0 1 1 0 1
0 0 0 0 1 0 0 1 1 0 1
0 1 0 0 1 0 0 1 1 0 1
0 0 1 0 1 0 0 1 1 0 1
1 0 1 0 1 0 0 1 1 0 1
0 1 1 0 1 0 0 1 1 0 1
0 0 0 1 1 0 0 1 1 0 1
0 1 0 1 1 0 0 1 1 0 1
0 0 1 1 1 0 0 1 1 0 1
1 0 1 1 1 0 0 1 1 0 1
0 1 1 1 1 0 0 1 1 0 1
0 0 0 0 0 1 0 1 1 0 1
0 1 0 0 0 1 0 1 1 0 1
0 0 1 0 0 1 0 1 1 0 1
1 0 1 0 0 1 0 1 1 0 1
0 1 1 0 0 1 0 1 1 0 1
0 0 0 1 0 1 0 1 1 0 1
0 1 0 1 0 1 0 1 1 0 1
0 0 1 1 0 1 0 1 1 0 1
1 0 1 1 0 1 0 1 1 0 1
0 1 1 1 0 1 0 1 1 0 1
0 0 0 0 1 1 0 1 1 0 1
0 1 0 0 1 1 0 1 1 0 1
0 0 1 0 1 1 0 1 1 0 1
1 0 1 0 1 1 0 1 1 0 1
0 1 1 0 1 1 0 1 1 0 1
0 0 0 1 1 1 0 1 1 0 1
0 1 0 1 1 1 0 1 1 0 1
0 0 1 1 1 1 0 1 1 0 1
1 0 1 1 1 1 0 1 1 0 1
0 1 1 1 1 1 0 1 1 0 1
0 0 0 0 0 0 1 1 1 0 1
0 1 0 0 0 0 1 1 1 0 1
0 0 1 0 0 0 1 1 1 0 1
1 0 1 0 0 0 1 1 1 0 1
0 1 1 0 0 0 1 1 1 0 1
0 0 0 1 0 0 1 1 1 0 1
0 1 0 1 0 0 1 1 1 0 1
0 0 1 1 0 0 1 1 1 0 1
1 0 1 1 0 0 1 1 1 0 1
0 1 1 1 0 0 1 1 1 0 1
0 0 0 0 1 0 1 1 1 0 1
0 1 0 0 1 0 1 1 1 0 1
0 0 1 0 1 0 1 1 1 0 1
1 0 1 0 1 0 1 1 1 0 1
0 1 1 0 1 0 1 1 1 0 1
0 0 0 1 1 0 1 1 1 0 1
0 1 0 1 1 0 1 1 1 0 1
0 0 1 1 1 0 1 1 1 0 1
1 0 1 1 1 0 1 1 1 0 1
0 1 1 1 1 0 1 1 1 0 1
0 0 0 0 0 1 1 1 1 0 1
0 1 0 0 0 1 1 1 1 0 1
0 0 1 0 0 1 1 1 1 0 1
1 0 1 0 0 1 1 1 1 0 1
0 1 1 0 0 1 1 1 1 0 1
0 0 0 1 0 1 1 1 1 0 1
0 1 0 1 0 1 1 1 1 0 1
0 0 1 1 0 1 1 1 1 0 1
1 0 1 1 0 1 1 1 1 0 1
0 1 1 1 0 1 1 1 1 0 1
0 0 0 0 1 1 1 1 1 0 1
0 1 0 0 1 1 1 1 1 0 1
0 0 1 0 1 1 1 1 1 0 1
1 0 1 0 1 1 1 1 1 0 1
0 1 1 0 1 1 1 1 1 0 1
0 0 0 1 1 1 1 1 1 0 1
0 1 0 1 1 1 1 1 1 0 1
0 0 1 1 1 1 1 1 1 0 1
1 0 1 1 1 1 1 1 1 0 1
0 1 1 1 1 1 1 1 1 0 1
0 0 0 0 0 0 0 0 0 1 1
0 1 0 0 0 0 0 0 0 1 1
0 0 1 0 0 0 0 0 0 1 1
1 0 1 0 0 0 0 0 0 1 1
0 1 1 0 0 0 0 0 0 1 1
0 0 0 1 0 0 0 0 0 1 1
0 1 0 1 0 0 0 0 0 1 1
0 0 1 1 0 0 0 0 0 1 1
1 0 1 1 0 0 0 0 0 1 1
0 1 1 1 0 0 0 0 0 1 1
0 0 0 0 1 0 0 0 0 1 1
0 1 0 0 1 0 0 0 0 1 1
0 0 1 0 1 0 0 0 0 1 1
1 0 1 0 1 0 0 0 0 1 1
0 1 1 0 1 0 0 0 0 1 1
0 0 0 1 1 0 0 0 0 1 1
0 1 0 1 1 0 0 0 0 1 1
0 0 1 1 1 0 0 0 0 1 1
1 0 1 1 1 0 0 0 0 1 1
0 1 1 1 1 0 0 0 0 1 1
0 0 0 0 0 1 0 0 0 1 1
0 1 0 0 0 1 0 0 0 1 1
0 0 1 0 0 1 0 0 0 1 1
1 0 1 0 0 1 0 0 0 1 1
0 1 1 0 0 1 0 0 0 1 1
0 0 0 1 0 1 0 0 0 1 1
0 1 0 1 0 1 0 0 0 1 1
0 0 1 1 0 1 0 0 0 1 1
1 0 1 1 0 1 0 0 0 1 1
0 1 1 1 0 1 0 0 0 1 1
0 0 0 0 1 1 0 0 0 1 1
0 1 0 0 1 1 0 0 0 1 1
0 0 1 0 1 1 0 0 0 1 1
1 0 1 0 1 1 0 0 0 1 1
0 1 1 0 1 1 0 0 0 1 1
0 0 0 1 1 1 0 0 0 1 1
0 1 0 1 1 1 0 0 0 1 1
0 0 1 1 1 1 0 0 0 1 1
1 0 1 1 1 1 0 0 0 1 1
0 1 1 1 1 1 0 0 0 1 1
0 0 0 0 0 0 1 0 0 1 1
0 1 0 0 0 0 1 0 0 1 1
0 0 1 0 0 0 1 0 0 1 1
1 0 1 0 0 0 1 0 0 1 1
0 1 1 0 0 0 1 0 0 1 1
0 0 0 1 0 0 1 0 0 1 1
0 1 0 1 0 0 1 0 0 1 1
0 0 1 1 0 0 1 0 0 1 1
1 0 1 1 0 0 1 0 0 1 1
0 1 1 1 0 0 1 0 0 1 1
0 0 0 0 1 0 1 0 0 1 1
0 1 0 0 1 0 1 0 0 1 1
0 0 1 0 1 0 1 0 0 1 1
1 0 1 0 1 0 1 0 0 1 1
0 1 1 0 1 0 1 0 0 1 1
0 0 0 1 1 0 1 0 0 1 1
0 1 0 1 1 0 1 0 0 1 1
0 0 1 1 1 0 1 0 0 1 1
1 0 1 1 1 0 1 0 0 1 1
0 1 1 1 1 0 1 0 0 1 1
0 0 0 0 0 1 1 0 0 1 1
0 1 0 0 0 1 1 0 0 1 1
0 0 1 0 0 1 1 0 0 1 1
1 0 1 0 0 1 1 0 0 1 1
0 1 1 0 0 1 1 0 0 1 1
0 0 0 1 0 1 1 0 0 1 1
0 1 0 1 0 1 1 0 0 1 1
0 0 1 1 0 1 1 0 0 1 1
1 0 1 1 0 1 1 0 0 1 1
0 1 1 1 0 1 1 0 0 1 1
0 0 0 0 1 1 1 0 0 1 1
0 1 0 0 1 1 1 0 0 1 1
0 0 1 0 1 1 1 0 0 1 1
1 0 1 0 1 1 1 0 0 1 1
0 1 1 0 1 1 1 0 0 1 1
0 0 0 1 1 1 1 0 0 1 1
0 1 0 1 1 1 1 0 0 1 1
0 0 1 1 1 1 1 0 0 1 1
1 0 1 1 1 1 1 0 0 1 1
0 1 1 1 1 1 1 0 0 1 1
0 0 0 0 0 0 0 1 0 1 1
0 1 0 0 0 0 0 1 0 1 1
0 0 1 0 0 0 0 1 0 1 1
1 0 1 0 0 0 0 1 0 1 1
0 1 1 0 0 0 0 1 0 1 1
0 0 0 1 0 0 0 1 0 1 1
0 1 0 1 0 0 0 1 0 1 1
0 0 1 1 0 0 0 1 0 1 1
1 0 1 1 0 0 0 1 0 1 1
0 1 1 1 0 0 0 1 0 1 1
0 0 0 0 1 0 0 1 0 1 1
0 1 0 0 1 0 0 1 0 1 1
0 0 1 0 1 0 0 1 0 1 1
1 0 1 0 1 0 0 1 0 1 1
0 1 1 0 1 0 0 1 0 1 1
0 0 0 1 1 0 0 1 0 1 1
0 1 0 1 1 0 0 1 0 1 1
0 0 1 1 1 0 0 1 0 1 1
1 0 1 1 1 0 0 1 0 1 1
0 1 1 1 1 0 0 1 0 1 1
0 0 0 0 0 1 0 1 0 1 1
0 1 0 0 0 1 0 1 0 1 1
0 0 1 0 0 1 0 1 0 1 1
1 0 1 0 0 1 0 1 0 1 1
0 1 1 0 0 1 0 1 0 1 1
0 0 0 1 0 1 0 1 0 1 1
0 1 0 1 0 1 0 1 0 1 1
0 0 1 1 0 1 0 1 0 1 1
1 0 1 1 0 1 0 1 0 1 1
0 1 1 1 0 1 0 1 0 1 1
0 0 0 0 1 1 0 1 0 1 1
0 1 0 0 1 1 0 1 0 1 1
0 0 1 0 1 1 0 1 0 1 1
1 0 1 0 1 1 0 1 0 1 1
0 1 1 0 1 1 0 1 0 1 1
0 0 0 1 1 1 0 1 0 1 1
0 1 0 1 1 1 0 1 0 1 1
0 0 1 1 1 1 0 1 0 1 1
1 0 1 1 1 1 0 1 0 1 1
0 1 1 1 1 1 0 1 0 1 1
0 0 0 0 0 0 1 1 0 1 1
0 1 0 0 0 0 1 1 0 1 1
0 0 1 0 0 0 1 1 0 1 1
1 0 1 0 0 0 1 1 0 1 1
0 1 1 0 0 0 1 1 0 1 1
0 0 0 1 0 0 1 1 0 1 1
0 1 0 1 0 0 1 1 0 1 1
0 0 1 1 0 0 1 1 0 1 1
1 0 1 1 0 0 1 1 0 1 1
0 1 1 1 0 0 1 1 0 1 1
0 0 0 0 1 0 1 1 0 1 1
0 1 0 0 1 0 1 1 0 1 1
0 0 1 0 1 0 1 1 0 1 1
1 0 1 0 1 0 1 1 0 1 1
0 1 1 0 1 0 1 1 0 1 1
0 0 0 1 1 0 1 1 0 1 1
0 1 0 1 1 0 1 1 0 1 1
0 0 1 1 1 0 1 1 0 1 1
1 0 1 1 1 0 1 1 0 1 1
0 1 1 1 1 0 1 1 0 1 1
0 0 0 0 0 1 1 1 0 1 1
0 1 0 0 0 1 1 1 0 1 1
0 0 1 0 0 1 1 1 0 1 1
1 0 1 0 0 1 1 1 0 1 1
0 1 1 0 0 1 1 1 0 1 1
0 0 0 1 0 1 1 1 0 1 1
0 1 0 1 0 1 1 1 0 1 1
0 0 1 1 0 1 1 1 0 1 1
1 0 1 1 0 1 1 1 0 1 1
0 1 1 1 0 1 1 1 0 1 1
0 0 0 0 1 1 1 1 0 1 1
0 1 0 0 1 1 1 1 0 1 1
0 0 1 0 1 1 1 1 0 1 1
1 0 1 0 1 1 1 1 0 1 1
0 1 1 0 1 1 1 1 0 1 1
0 0 0 1 1 1 1 1 0 1 1
0 1 0 1 1 1 1 1 0 1 1
0 0 1 1 1 1 1 1 0 1 1
1 0 1 1 1 1 1 1 0 1 1
0 1 1 1 1 1 1 1 0 1 1
0 0 0 0 0 0 0 0 1 1 1
0 1 0 0 0 0 0 0 1 1 1
0 0 1 0 0 0 0 0 1 1 1
1 0 1 0 0 0 0 0 1 1 1
0 1 1 0 0 0 0 0 1 1 1
0 0 0 1 0 0 0 0 1 1 1
0 1 0 1 0 0 0 0 1 1 1
0 0 1 1 0 0 0 0 1 1 1
1 0 1 1 0 0 0 0 1 1 1
0 1 1 1 0 0 0 0 1 1 1
0 0 0 0 1 0 0 0 1 1 1
0 1 0 0 1 0 0 0 1 1 1
0 0 1 0 1 0 0 0 1 1 1
1 0 1 0 1 0 0 0 1 1 1
0 1 1 0 1 0 0 0 1 1 1
0 0 0 1 1 0 0 0 1 1 1
0 1 0 1 1 0 0 0 1 1 1
0 0 1 1 1 0 0 0 1 1 1
1 0 1 1 1 0 0 0 1 1 1
0 1 1 1 1 0 0 0 1 1 1
0 0 0 0 0 1 0 0 1 1 1
0 1 0 0 0 1 0 0 1 1 1
0 0 1 0 0 1 0 0 1 1 1
1 0 1 0 0 1 0 0 1 1 1
0 1 1 0 0 1 0 0 1 1 1
0 0 0 1 0 1 0 0 1 1 1
0 1 0 1 0 1 0 0 1 1 1
0 0 1 1 0 1 0 0 1 1 1
1 0 1 1 0 1 0 0 1 1 1
0 1 1 1 0 1 0 0 1 1 1
0 0 0 0 1 1 0 0 1 1 1
0 1 0 0 1 1 0 0 1 1 1
0 0 1 0 1 1 0 0 1 1 1
1 0 1 0 1 1 0 0 1 1 1
0 1 1 0 1 1 0 0 1 1 1
0 0 0 1 1 1 0 0 1 1 1
0 1 0 1 1 1 0 0 1 1 1
0 0 1 1 1 1 0 0 1 1 1
1 0 1 1 1 1 0 0 1 1 1
0 1 1 1 1 1 0 0 1 1 1
0 0 0 0 0 0 1 0 1 1 1
0 1 0 0 0 0 1 0 1 1 1
0 0 1 0 0 0 1 0 1 1 1
1 0 1 0 0 0 1 0 1 1 1
0 1 1 0 0 0 1 0 1 1 1
0 0 0 1 0 0 1 0 1 1 1
0 1 0 1 0 0 1 0 1 1 1
0 0 1 1 0 0 1 0 1 1 1
1 0 1 1 0 0 1 0 1 1 1
0 1 1 1 0 0 1 0 1 1 1
0 0 0 0 1 0 1 0 1 1 1
0 1 0 0 1 0 1 0 1 1 1
0 0 1 0 1 0 1 0 1 1 1
1 0 1 0 1 0 1 0 1 1 1
0 1 1 0 1 0 1 0 1 1 1
0 0 0 1 1 0 1 0 1 1 1
0 1 0 1 1 0 1 0 1 1 1
0 0 1 1 1 0 1 0 1 1 1
1 0 1 1 1 0 1 0 1 1 1
0 1 1 1 1 0 1 0 1 1 1
0 0 0 0 0 1 1 0 1 1 1
0 1 0 0 0 1 1 0 1 1 1
0 0 1 0 0 1 1 0 1 1 1
1 0 1 0 0 1 1 0 1 1 1
0 1 1 0 0 1 1 0 1 1 1
0 0 0 1 0 1 1 0 1 1 1
0 1 0 1 0 1 1 0 1 1 1
0 0 1 1 0 1 1 0 1 1 1
1 0 1 1 0 1 1 0 1 1 1
0 1 1 1 0 1 1 0 1 1 1
0 0 0 0 1 1 1 0 1 1 1
0 1 0 0 1 1 1 0 1 1 1
0 0 1 0 1 1 1 0 1 1 1
1 0 1 0 1 1 1 0 1 1 1
0 1 1 0 1 1 1 0 1 1 1
0 0 0 1 1 1 1 0 1 1 1
0 1 0 1 1 1 1 0 1 1 1
0 0 1 1 1 1 1 0 1 1 1
1 0 1 1 1 1 1 0 1 1 1
0 1 1 1 1 1 1 0 1 1 1
0 0 0 0 0 0 0 1 1 1 1
0 1 0 0 0 0 0 1 1 1 1
0 0 1 0 0 0 0 1 1 1 1
1 0 1 0 0 0 0 1 1 1 1
0 1 1 0 0 0 0 1 1 1 1
0 0 0 1 0 0 0 1 1 1 1
0 1 0 1 0 0 0 1 1 1 1
0 0 1 1 0 0 0 1 1 1 1
1 0 1 1 0 0 0 1 1 1 1
0 1 1 1 0 0 0 1 1 1 1
0 0 0 0 1 0 0 1 1 1 1
0 1 0 0 1 0 0 1 1 1 1
0 0 1 0 1 0 0 1 1 1 1
1 0 1 0 1 0 0 1 1 1 1
0 1 1 0 1 0 0 1 1 1 1
0 0 0 1 1 0 0 1 1 1 1
0 1 0 1 1 0 0 1 1 1 1
0 0 1 1 1 0 0 1 1 1 1
1 0 1 1 1 0 0 1 1 1 1
0 1 1 1 1 0 0 1 1 1 1
0 0 0 0 0 1 0 1 1 1 1
0 1 0 0 0 1 0 1 1 1 1
0 0 1 0 0 1 0 1 1 1 1
1 0 1 0 0 1 0 1 1 1 1
0 1 1 0 0 1 0 1 1 1 1
0 0 0 1 0 1 0 1 1 1 1
0 1 0 1 0 1 0 1 1 1 1
0 0 1 1 0 1 0 1 1 1 1
1 0 1 1 0 1 0 1 1 1 1
0 1 1 1 0 1 0 1 1 1 1
0 0 0 0 1 1 0 1 1 1 1
0 1 0 0 1 1 0 1 1 1 1
0 0 1 0 1 1 0 1 1 1 1
1 0 1 0 1 1 0 1 1 1 1
0 1 1 0 1 1 0 1 1 1 1
0 0 0 1 1 1 0 1 1 1 1
0 1 0 1 1 1 0 1 1 1 1
0 0 1 1 1 1 0 1 1 1 1
1 0 1 1 1 1 0 1 1 1 1
0 1 1 1 1 1 0 1 1 1 1
0 0 0 0 0 0 1 1 1 1 1
0 1 0 0 0 0 1 1 1 1 1
0 0 1 0 0 0 1 1 1 1 1
1 0 1 0 0 0 1 1 1 1 1
0 1 1 0 0 0 1 1 1 1 1
0 0 0 1 0 0 1 1 1 1 1
0 1 0 1 0 0 1 1 1 1 1
0 0 1 1 0 0 1 1 1 1 1
1 0 1 1 0 0 1 1 1 1 1
0 1 1 1 0 0 1 1 1 1 1
0 0 0 0 1 0 1 1 1 1 1
0 1 0 0 1 0 1 1 1 1 1
0 0 1 0 1 0 1 1 1 1 1
1 0 1 0 1 0 1 1 1 1 1
0 1 1 0 1 0 1 1 1 1 1
0 0 0 1 1 0 1 1 1 1 1
0 1 0 1 1 0 1 1 1 1 1
0 0 1 1 1 0 1 1 1 1 1
1 0 1 1 1 0 1 1 1 1 1
0 1 1 1 1 0 1 1 1 1 1
0 0 0 0 0 1 1 1 1 1 1
0 1 0 0 0 1 1 1 1 1 1
0 0 1 0 0 1 1 1 1 1 1
1 0 1 0 0 1 1 1 1 1 1
0 1 1 0 0 1 1 1 1 1 1
0 0 0 1 0 1 1 1 1 1 1
0 1 0 1 0 1 1 1 1 1 1
0 0 1 1 0 1 1 1 1 1 1
1 0 1 1 0 1 1 1 1 1 1
0 1 1 1 0 1 1 1 1 1 1
0 0 0 0 1 1 1 1 1 1 1
0 1 0 0 1 1 1 1 1 1 1
0 0 1 0 1 1 1 1 1 1 1
1 0 1 0 1 1 1 1 1 1 1
0 1 1 0 1 1 1 1 1 1 1
0 0 0 1 1 1 1 1 1 1 1
0 1 0 1 1 1 1 1 1 1 1
0 0 1 1 1 1 1 1 1 1 1
1 0 1 1 1 1 1 1 1 1 1
0 1 1 1 1 1 1 1 1 1 1
